1001	17.61
1002	-0.4973
1003	-0.22
1004	1.821
1005	14.11
1006	7.926
1007	15.54
1008	13.78
1009	8.485
1010	16.83
1011	6.254
1012	11.26
1013	10.02
1014	9.722
1015	13.25
1016	9.571
1017	14.29
1018	9.749
1019	15.21
1020	-1.361
1021	8.638
1022	5.367
1023	4.383
1024	17.43
1025	8.633
1026	5.847
1027	4.914
1028	8.045
1029	9.469
1030	7.353
1031	6.383
1032	-0.2094
1033	9.614
1034	5.747
1035	11.72
1036	12.24
1037	3.175
1038	5.786
1039	15.88
1040	11.75
1041	1.741
1042	5.913
1043	8.077
1044	-3.22
1045	1.338
1046	13.18
1047	12.95
1048	10.79
1049	5.194
1050	9.089
1051	0.91
1052	11.9
1053	11.06
1054	4.039
1055	6.808
1056	11.84
1057	13.41
1058	3.069
1059	-2.863
1060	5.738
1061	9.535
1062	14.32
1063	3.436
1064	5.193
1065	8.321
1066	2.808
1067	4.686
1068	6.376
1069	6.599
1070	2.16
1071	7.354
1072	3.71
1073	4.85
1074	8.909
1075	9.888
1076	-3.422
1077	12.84
1078	2.876
1079	4.513
1080	2.238
1081	-2.063
1082	11.86
1083	11.25
1084	12.17
1085	14.58
1086	-2.062
1087	11.81
1088	5.978
1089	8.175
1090	15.4
1091	6.244
1092	12.14
1093	10.42
1094	10.66
1095	6.623
1096	9.32
1097	4.763
1098	21.8
1099	8.667
1100	5.914
1101	5.934
1102	3.419
1103	4.814
1104	1.126
1105	10.96
1106	11.96
1107	7.815
1108	6.368
1109	5.043
1110	4.982
1111	5.376
1112	5.421
1113	5.481
1114	5.97
1115	5.194
1116	5.49
1117	7.185
1118	12.97
1119	5.945
1120	6.514
1121	6.003
1122	7.239
1123	6.694
1124	9.362
1125	-4.438
1126	13.66
1127	6.339
1128	10.86
1129	-2.436
1130	13.09
1131	10.69
1132	11.42
1133	13.4
1134	9.048
1135	17.67
1136	11.78
1137	4.483
1138	7.073
1139	3.791
1140	2.088
1141	5.061
1142	10.84
1143	6.35
1144	2.925
1145	10.18
1146	-0.7867
1147	18.45
1148	9.202
1149	4.176
1150	5.494
1151	4.943
1152	4.18
1153	4.573
1154	4.777
1155	14.28
1156	3.784
1157	8.993
1158	5.857
1159	7.445
1160	9.432
1161	10.03
1162	9.92
1163	9.821
1164	8.615
1165	6.628
1166	8.197
1167	7.937
1168	11.0
1169	5.873
1170	8.136
1171	5.931
1172	10.71
1173	3.305
1174	10.26
1175	10.32
1176	5.502
1177	7.187
1178	13.93
1179	4.578
1180	7.535
1181	2.882
1182	5.538
1183	5.075
1184	5.255
1185	8.834
1186	7.082
1187	16.29
1188	15.27
1189	6.368
1190	8.691
1191	5.224
1192	9.556
1193	8.479
1194	23.57
1195	6.182
1196	17.78
1197	2.375
1198	2.723
1199	6.595
1200	7.145
1201	9.913
1202	3.208
1203	2.553
1204	13.44
1205	3.869
1206	4.516
1207	4.48
1208	4.51
1209	4.444
1210	4.283
1211	4.208
1212	4.116
1213	2.841
1214	0.9843
1215	2.629
1216	8.761
1217	-1.975
1218	-0.4883
1219	8.889
1220	7.38
1221	5.072
1222	16.97
1223	8.374
1224	0.7098
1225	15.43
1226	9.408
1227	-2.591
1228	7.8
1229	6.662
1230	6.795
1231	8.259
1232	8.495
1233	6.641
1234	9.401
1235	5.241
1236	-3.506
1237	4.072
1238	6.695
1239	7.54
1240	10.79
1241	-5.348
1242	11.58
1243	6.852
1244	3.301
1245	-1.144
1246	10.19
1247	8.184
1248	8.442
1249	21.88
1250	5.062
1251	6.625
1252	15.65
1253	4.465
1254	15.49
1255	7.588
1256	5.808
1257	8.057
1258	9.063
1259	8.106
1260	4.543
1261	8.694
1262	9.398
1263	6.64
1264	-2.397
1265	11.68
1266	8.34
1267	15.75
1268	10.59
1269	5.249
1270	7.718
1271	-1.318
1272	0.9367
1273	6.473
1274	4.152
1275	6.545
1276	-2.134
1277	16.09
1278	-5.893
1279	7.311
1280	12.39
1281	16.38
1282	15.89
1283	14.23
1284	14.78
1285	14.35
1286	14.64
1287	9.859
1288	16.93
1289	15.0
1290	8.844
1291	9.706
1292	8.801
1293	8.63
1294	8.931
1295	8.843
1296	8.144
1297	7.527
1298	7.188
1299	7.105
1300	6.807
1301	6.016
1302	5.248
1303	4.942
1304	-0.3519
1305	10.07
1306	8.718
1307	7.473
1308	9.868
1309	11.08
1310	14.05
1311	3.428
1312	16.16
1313	13.08
1314	8.945
1315	-6.243
1316	-1.237
1317	20.91
1318	8.062
1319	17.75
1320	10.72
1321	0.2233
1322	-1.971
1323	0.7275
1324	19.99
1325	4.287
1326	12.41
1327	5.846
1328	7.963
1329	0.08213
1330	9.903
1331	11.85
1332	5.342
1333	10.69
1334	18.58
1335	4.411
1336	2.953
1337	4.627
1338	5.572
1339	2.225
1340	9.321
1341	9.403
1342	25.46
1343	10.36
1344	11.6
1345	7.359
1346	6.681
1347	3.949
1348	11.53
1349	8.046
1350	4.861
1351	5.414
1352	6.128
1353	2.118
1354	13.04
1355	13.28
1356	-1.8
1357	4.97
1358	5.457
1359	4.586
1360	4.822
1361	4.811
1362	4.737
1363	5.334
1364	4.562
1365	6.184
1366	4.257
1367	17.67
1368	10.6
1369	10.46
1370	14.3
1371	11.81
1372	7.485
1373	11.23
1374	17.22
1375	9.159
1376	5.181
1377	10.04
1378	8.878
1379	10.48
1380	10.33
1381	6.048
1382	13.74
1383	5.274
1384	6.56
1385	21.4
1386	7.83
1387	6.958
1388	12.7
1389	20.83
1390	10.35
1391	2.654
1392	11.76
1393	17.12
1394	8.462
1395	5.41
1396	6.154
1397	4.939
1398	1.638
1399	1.773
1400	8.496
1401	16.09
1402	13.17
1403	9.872
1404	12.01
1405	12.97
1406	9.175
1407	6.823
1408	6.325
1409	7.162
1410	3.736
1411	5.331
1412	-1.199
1413	8.327
1414	10.81
1415	4.262
1416	12.8
1417	14.64
1418	11.8
1419	7.758
1420	7.934
1421	7.366
1422	11.13
1423	3.9
1424	-0.5376
1425	5.225
1426	8.379
1427	8.412
1428	16.07
1429	7.906
1430	-3.259
1431	18.32
1432	4.711
1433	11.95
1434	5.369
1435	12.02
1436	2.653
1437	7.77
1438	3.349
1439	3.375
1440	7.145
1441	8.173
1442	11.16
1443	1.508
1444	8.178
1445	5.588
1446	10.44
1447	8.414
1448	10.98
1449	7.059
1450	9.979
1451	5.992
1452	10.86
1453	6.502
1454	9.49
1455	2.664
1456	7.431
1457	11.3
1458	0.4809
1459	7.584
1460	4.245
1461	5.857
1462	14.49
1463	13.78
1464	14.64
1465	19.32
1466	7.581
1467	2.409
1468	7.101
1469	8.393
1470	10.95
1471	7.119
1472	2.276
1473	5.097
1474	6.405
1475	4.761
1476	7.05
1477	2.741
1478	1.408
1479	-2.838
1480	4.468
1481	11.38
1482	12.26
1483	9.358
1484	11.64
1485	5.359
1486	5.729
1487	5.882
1488	9.199
1489	3.042
1490	0.5726
1491	6.394
1492	6.077
1493	11.65
1494	11.81
1495	9.284
1496	4.331
1497	-2.524
1498	8.643
1499	5.093
1500	18.89
1001	10.54
1002	11.8
1003	2.282
1004	3.989
1005	3.375
1006	8.048
1007	7.059
1008	2.557
1009	2.89
1010	10.2
1011	14.76
1012	5.133
1013	9.467
1014	5.109
1015	3.815
1016	3.847
1017	6.885
1018	5.493
1019	22.16
1020	9.002
1021	10.76
1022	1.828
1023	7.48
1024	3.138
1025	5.131
1026	0.6491
1027	0.5567
1028	13.79
1029	10.14
1030	2.726
1031	3.876
1032	19.75
1033	6.783
1034	8.534
1035	8.973
1036	6.696
1037	8.251
1038	10.96
1039	12.74
1040	14.8
1041	14.09
1042	3.255
1043	0.8685
1044	4.175
1045	5.309
1046	2.783
1047	13.29
1048	9.518
1049	5.054
1050	11.17
1051	5.589
1052	6.736
1053	3.346
1054	11.43
1055	4.573
1056	6.477
1057	3.502
1058	14.0
1059	18.05
1060	6.223
1061	3.46
1062	5.822
1063	0.735
1064	4.105
1065	5.091
1066	7.233
1067	8.007
1068	4.328
1069	4.394
1070	4.259
1071	1.325
1072	1.557
1073	2.386
1074	4.542
1075	13.22
1076	14.38
1077	7.754
1078	4.48
1079	5.829
1080	5.844
1081	51.43
1082	7.89
1083	3.874
1084	7.804
1085	2.291
1086	15.24
1087	17.16
1088	14.53
1089	6.655
1090	18.9
1091	2.412
1092	6.469
1093	9.064
1094	8.46
1095	28.94
1096	26.33
1097	3.588
1098	8.59
1099	6.572
1100	0.9113
1101	0.3317
1102	1.098
1103	2.178
1104	5.995
1105	8.417
1106	8.569
1107	1.527
1108	0.9829
1109	0.4823
1110	0.1269
1111	0.2213
1112	0.1458
1113	0.2246
1114	0.2937
1115	0.4992
1116	0.3087
1117	3.067
1118	10.07
1119	4.83
1120	9.949
1121	2.336
1122	1.842
1123	1.816
1124	6.899
1125	47.63
1126	6.027
1127	7.289
1128	16.81
1129	23.64
1130	9.254
1131	11.73
1132	3.59
1133	7.916
1134	16.02
1135	13.97
1136	14.35
1137	6.625
1138	4.269
1139	5.455
1140	9.354
1141	3.338
1142	2.662
1143	8.585
1144	10.48
1145	12.28
1146	17.08
1147	9.061
1148	3.841
1149	1.786
1150	0.6451
1151	0.8653
1152	3.272
1153	3.857
1154	2.569
1155	6.452
1156	8.162
1157	1.185
1158	11.06
1159	3.815
1160	0.2961
1161	0.1217
1162	0.09937
1163	0.6208
1164	1.184
1165	7.528
1166	4.274
1167	2.379
1168	4.51
1169	3.118
1170	1.48
1171	2.084
1172	8.343
1173	9.427
1174	11.28
1175	9.677
1176	4.794
1177	7.25
1178	12.96
1179	10.1
1180	7.769
1181	4.938
1182	3.437
1183	0.6848
1184	1.357
1185	3.517
1186	12.76
1187	3.167
1188	3.335
1189	2.468
1190	3.796
1191	7.229
1192	7.363
1193	2.532
1194	22.1
1195	8.688
1196	12.08
1197	5.911
1198	2.85
1199	5.287
1200	5.411
1201	5.44
1202	15.08
1203	5.76
1204	3.684
1205	0.65
1206	0.1828
1207	0.1128
1208	0.1078
1209	0.2559
1210	0.4873
1211	0.1299
1212	0.4896
1213	1.154
1214	1.342
1215	0.4618
1216	17.12
1217	11.96
1218	5.378
1219	5.771
1220	1.456
1221	5.062
1222	7.961
1223	6.108
1224	5.402
1225	12.53
1226	4.755
1227	7.199
1228	1.665
1229	1.078
1230	1.031
1231	0.9303
1232	4.729
1233	1.011
1234	2.997
1235	4.667
1236	17.08
1237	6.106
1238	2.38
1239	4.173
1240	3.852
1241	37.01
1242	10.58
1243	11.57
1244	7.108
1245	2.375
1246	13.77
1247	9.161
1248	9.694
1249	21.43
1250	14.13
1251	4.981
1252	16.47
1253	5.508
1254	3.438
1255	0.9805
1256	1.226
1257	5.118
1258	19.62
1259	1.651
1260	7.424
1261	8.027
1262	2.843
1263	4.789
1264	6.714
1265	18.22
1266	6.446
1267	7.117
1268	9.857
1269	4.611
1270	7.17
1271	4.151
1272	10.52
1273	7.853
1274	8.27
1275	10.21
1276	9.693
1277	7.995
1278	21.11
1279	6.571
1280	0.4057
1281	0.9811
1282	1.307
1283	0.3197
1284	0.7968
1285	0.743
1286	2.2
1287	8.134
1288	14.85
1289	6.193
1290	0.7042
1291	1.002
1292	0.4878
1293	0.07341
1294	0.289
1295	0.3844
1296	0.2636
1297	0.5584
1298	0.1458
1299	0.111
1300	0.1814
1301	0.358
1302	0.6326
1303	1.774
1304	11.29
1305	2.317
1306	5.525
1307	8.553
1308	7.154
1309	1.322
1310	23.01
1311	3.864
1312	12.29
1313	11.33
1314	5.538
1315	14.17
1316	13.64
1317	15.47
1318	20.51
1319	13.11
1320	17.39
1321	8.139
1322	2.855
1323	5.439
1324	13.65
1325	5.396
1326	4.63
1327	4.628
1328	7.056
1329	12.91
1330	12.17
1331	22.93
1332	7.544
1333	3.427
1334	5.206
1335	10.42
1336	4.188
1337	1.183
1338	0.9131
1339	2.907
1340	8.911
1341	37.08
1342	19.53
1343	5.694
1344	6.663
1345	2.038
1346	3.809
1347	7.989
1348	15.17
1349	17.59
1350	1.386
1351	0.9178
1352	9.541
1353	7.56
1354	6.636
1355	5.436
1356	10.98
1357	1.439
1358	0.5538
1359	0.2156
1360	0.1985
1361	0.4012
1362	0.2182
1363	0.8141
1364	1.766
1365	3.708
1366	4.66
1367	6.205
1368	7.717
1369	6.464
1370	5.38
1371	11.14
1372	3.115
1373	2.447
1374	1.516
1375	3.492
1376	3.097
1377	1.932
1378	13.88
1379	6.126
1380	7.26
1381	4.774
1382	15.08
1383	2.499
1384	11.02
1385	10.22
1386	2.508
1387	4.263
1388	10.52
1389	23.05
1390	5.503
1391	3.892
1392	7.468
1393	12.88
1394	4.202
1395	5.544
1396	1.161
1397	4.002
1398	2.94
1399	4.045
1400	4.681
1401	1.97
1402	2.745
1403	10.32
1404	6.0
1405	9.21
1406	4.493
1407	3.791
1408	2.592
1409	1.492
1410	4.416
1411	3.897
1412	7.191
1413	8.176
1414	6.183
1415	6.857
1416	2.941
1417	1.334
1418	7.119
1419	10.88
1420	6.389
1421	2.424
1422	16.14
1423	5.215
1424	12.79
1425	9.322
1426	2.727
1427	3.994
1428	6.047
1429	9.064
1430	11.39
1431	11.9
1432	4.39
1433	6.981
1434	5.747
1435	11.04
1436	8.002
1437	3.228
1438	1.097
1439	0.4864
1440	2.796
1441	7.71
1442	8.117
1443	5.424
1444	7.542
1445	4.348
1446	12.91
1447	4.693
1448	8.439
1449	7.58
1450	11.95
1451	5.322
1452	10.66
1453	2.194
1454	2.792
1455	1.912
1456	8.969
1457	9.539
1458	11.49
1459	19.95
1460	15.54
1461	16.77
1462	3.068
1463	2.559
1464	8.644
1465	9.948
1466	3.729
1467	5.045
1468	5.411
1469	5.0
1470	2.75
1471	10.2
1472	3.057
1473	4.547
1474	4.727
1475	7.275
1476	3.013
1477	9.137
1478	3.737
1479	15.08
1480	1.797
1481	2.386
1482	1.925
1483	3.408
1484	0.6523
1485	0.8157
1486	0.5054
1487	0.9508
1488	1.503
1489	0.6732
1490	5.236
1491	7.186
1492	11.74
1493	4.86
1494	6.738
1495	4.926
1496	13.85
1497	5.718
1498	8.968
1499	6.426
1500	15.64
1001	27.88
1002	5.474
1003	1.209
1004	0.9415
1005	8.798
1006	12.72
1007	9.842
1008	14.26
1009	6.342
1010	16.19
1011	30.73
1012	15.93
1013	10.0
1014	14.0
1015	14.96
1016	4.863
1017	16.86
1018	16.28
1019	23.92
1020	4.131
1021	6.376
1022	4.278
1023	18.51
1024	17.71
1025	13.49
1026	5.22
1027	4.042
1028	-4.76
1029	10.99
1030	10.16
1031	6.329
1032	2.469
1033	9.433
1034	11.36
1035	18.8
1036	19.07
1037	0.8898
1038	17.38
1039	18.29
1040	31.05
1041	20.47
1042	4.188
1043	8.89
1044	-2.872
1045	-2.307
1046	8.006
1047	7.371
1048	3.564
1049	6.324
1050	8.62
1051	0.6487
1052	13.72
1053	15.48
1054	19.46
1055	9.313
1056	18.53
1057	13.97
1058	22.42
1059	1.047
1060	6.996
1061	13.08
1062	15.28
1063	2.388
1064	7.556
1065	8.26
1066	15.47
1067	12.39
1068	8.994
1069	4.611
1070	3.311
1071	6.575
1072	3.469
1073	4.302
1074	8.802
1075	16.82
1076	13.24
1077	12.27
1078	1.697
1079	12.66
1080	9.967
1081	34.99
1082	22.61
1083	18.04
1084	8.84
1085	10.65
1086	8.849
1087	32.61
1088	28.34
1089	17.15
1090	23.77
1091	6.195
1092	17.11
1093	14.1
1094	8.897
1095	33.49
1096	19.58
1097	6.377
1098	27.75
1099	12.51
1100	6.283
1101	5.592
1102	2.724
1103	9.228
1104	-0.6194
1105	15.57
1106	22.61
1107	8.582
1108	5.817
1109	4.866
1110	5.097
1111	5.058
1112	5.607
1113	5.181
1114	5.998
1115	5.415
1116	5.342
1117	7.346
1118	20.11
1119	9.709
1120	18.83
1121	5.967
1122	8.647
1123	7.408
1124	9.773
1125	40.67
1126	18.32
1127	12.06
1128	31.53
1129	46.97
1130	21.95
1131	27.54
1132	8.632
1133	19.69
1134	29.76
1135	30.22
1136	23.6
1137	5.327
1138	5.14
1139	-2.663
1140	5.83
1141	13.38
1142	10.54
1143	14.76
1144	11.98
1145	22.35
1146	11.6
1147	13.38
1148	12.19
1149	6.192
1150	5.579
1151	6.018
1152	9.81
1153	6.442
1154	4.187
1155	13.64
1156	1.824
1157	8.977
1158	19.31
1159	10.95
1160	9.763
1161	9.946
1162	9.789
1163	10.12
1164	8.981
1165	15.22
1166	1.953
1167	6.396
1168	10.73
1169	6.872
1170	8.897
1171	8.528
1172	19.48
1173	27.73
1174	24.31
1175	22.26
1176	6.251
1177	4.871
1178	26.33
1179	2.486
1180	13.02
1181	6.161
1182	1.264
1183	5.405
1184	3.761
1185	9.212
1186	7.686
1187	11.21
1188	13.42
1189	3.887
1190	9.212
1191	7.89
1192	20.79
1193	8.846
1194	5.576
1195	21.65
1196	22.13
1197	2.766
1198	1.538
1199	0.7348
1200	8.033
1201	13.83
1202	27.18
1203	11.21
1204	18.13
1205	4.545
1206	4.349
1207	4.618
1208	4.492
1209	4.439
1210	3.943
1211	4.407
1212	4.153
1213	2.85
1214	1.48
1215	3.013
1216	5.599
1217	1.976
1218	15.58
1219	12.58
1220	5.843
1221	8.37
1222	22.0
1223	20.12
1224	5.307
1225	35.51
1226	10.97
1227	-6.589
1228	8.0
1229	7.984
1230	6.533
1231	9.971
1232	14.98
1233	6.823
1234	10.54
1235	0.172
1236	18.66
1237	16.71
1238	13.03
1239	6.941
1240	8.098
1241	28.6
1242	23.22
1243	-7.34
1244	10.42
1245	-0.3515
1246	24.26
1247	22.02
1248	7.039
1249	48.68
1250	2.009
1251	14.67
1252	13.16
1253	-1.217
1254	18.27
1255	4.884
1256	7.323
1257	12.61
1258	33.62
1259	8.852
1260	-1.538
1261	13.19
1262	6.944
1263	5.902
1264	-6.956
1265	8.319
1266	13.9
1267	19.68
1268	12.33
1269	-0.1975
1270	8.044
1271	5.108
1272	-6.77
1273	10.48
1274	8.629
1275	13.1
1276	2.768
1277	8.896
1278	9.007
1279	11.98
1280	12.07
1281	15.67
1282	16.66
1283	13.89
1284	15.03
1285	14.59
1286	14.84
1287	13.26
1288	27.64
1289	24.75
1290	9.333
1291	9.591
1292	8.24
1293	8.562
1294	9.315
1295	9.08
1296	7.632
1297	7.032
1298	7.198
1299	7.213
1300	6.836
1301	5.969
1302	5.697
1303	8.053
1304	2.132
1305	10.53
1306	7.975
1307	0.3752
1308	9.426
1309	11.71
1310	34.14
1311	5.558
1312	19.65
1313	6.854
1314	4.355
1315	13.72
1316	13.7
1317	27.82
1318	38.47
1319	25.47
1320	19.3
1321	4.777
1322	-2.297
1323	-4.434
1324	27.22
1325	15.6
1326	10.65
1327	8.397
1328	5.019
1329	2.97
1330	26.64
1331	17.3
1332	14.06
1333	7.517
1334	22.88
1335	8.613
1336	6.882
1337	5.781
1338	6.248
1339	1.047
1340	18.76
1341	33.2
1342	40.74
1343	19.63
1344	20.94
1345	7.881
1346	6.286
1347	5.002
1348	20.73
1349	25.13
1350	5.224
1351	7.008
1352	13.94
1353	9.835
1354	8.907
1355	13.9
1356	17.57
1357	3.683
1358	5.405
1359	4.823
1360	4.833
1361	4.856
1362	4.743
1363	4.63
1364	5.289
1365	6.446
1366	-0.06575
1367	20.48
1368	12.89
1369	19.29
1370	9.353
1371	9.316
1372	12.98
1373	6.863
1374	17.81
1375	9.422
1376	4.315
1377	9.05
1378	14.38
1379	16.63
1380	-2.656
1381	8.822
1382	16.76
1383	6.53
1384	17.44
1385	31.26
1386	4.897
1387	3.091
1388	19.31
1389	21.65
1390	12.37
1391	6.075
1392	21.53
1393	-1.492
1394	14.1
1395	7.604
1396	7.409
1397	8.521
1398	3.001
1399	6.382
1400	4.364
1401	15.3
1402	14.0
1403	17.04
1404	24.55
1405	14.6
1406	2.943
1407	11.64
1408	7.221
1409	8.988
1410	6.107
1411	11.81
1412	3.594
1413	7.909
1414	18.58
1415	6.331
1416	10.73
1417	16.62
1418	19.03
1419	17.74
1420	12.2
1421	13.59
1422	5.646
1423	10.81
1424	16.64
1425	18.47
1426	10.48
1427	0.6852
1428	13.83
1429	22.21
1430	11.43
1431	37.44
1432	14.54
1433	19.8
1434	-3.026
1435	23.52
1436	13.24
1437	11.31
1438	4.035
1439	3.136
1440	10.99
1441	9.51
1442	9.407
1443	0.9142
1444	4.774
1445	12.17
1446	21.26
1447	9.088
1448	30.81
1449	13.55
1450	3.352
1451	8.226
1452	2.462
1453	5.697
1454	9.831
1455	2.853
1456	17.16
1457	12.47
1458	10.57
1459	21.8
1460	33.24
1461	23.17
1462	10.49
1463	15.76
1464	28.57
1465	12.91
1466	5.972
1467	10.16
1468	3.352
1469	10.25
1470	12.42
1471	8.417
1472	2.269
1473	5.115
1474	8.746
1475	11.67
1476	6.776
1477	17.15
1478	4.638
1479	7.317
1480	0.8089
1481	9.76
1482	16.21
1483	12.6
1484	12.38
1485	5.137
1486	6.558
1487	6.152
1488	10.83
1489	2.74
1490	-1.216
1491	18.83
1492	33.13
1493	9.805
1494	14.39
1495	12.92
1496	8.948
1497	-3.908
1498	15.51
1499	18.89
1500	24.99
1001	24.75
1002	4.865
1003	-3.566
1004	1.623
1005	10.18
1006	11.3
1007	12.74
1008	10.38
1009	12.95
1010	11.62
1011	0.2247
1012	8.628
1013	4.376
1014	13.52
1015	14.25
1016	3.058
1017	20.19
1018	18.6
1019	10.12
1020	7.328
1021	12.5
1022	2.792
1023	6.528
1024	18.55
1025	8.16
1026	4.837
1027	5.838
1028	16.72
1029	8.287
1030	7.068
1031	12.4
1032	6.365
1033	2.305
1034	-3.85
1035	1.684
1036	12.57
1037	0.8671
1038	7.586
1039	19.81
1040	27.84
1041	0.2599
1042	7.208
1043	7.313
1044	-2.27
1045	3.591
1046	11.78
1047	12.15
1048	2.998
1049	10.04
1050	14.99
1051	7.749
1052	-0.4817
1053	9.358
1054	5.797
1055	9.966
1056	12.75
1057	22.2
1058	-4.858
1059	10.56
1060	4.629
1061	8.027
1062	22.1
1063	2.284
1064	9.969
1065	6.266
1066	-8.787
1067	9.315
1068	12.81
1069	8.003
1070	10.59
1071	7.766
1072	2.792
1073	8.381
1074	10.11
1075	-1.306
1076	14.53
1077	16.32
1078	1.222
1079	5.16
1080	-4.347
1081	0.4936
1082	9.346
1083	13.45
1084	10.42
1085	14.92
1086	5.977
1087	9.125
1088	7.918
1089	2.901
1090	-5.32
1091	3.797
1092	4.46
1093	15.35
1094	9.588
1095	12.32
1096	16.69
1097	0.9466
1098	14.79
1099	12.96
1100	5.798
1101	5.473
1102	2.582
1103	3.443
1104	4.151
1105	13.46
1106	13.9
1107	5.83
1108	7.525
1109	5.064
1110	5.089
1111	5.377
1112	5.44
1113	5.4
1114	6.209
1115	4.856
1116	4.512
1117	7.564
1118	11.38
1119	1.984
1120	9.01
1121	7.027
1122	9.746
1123	6.733
1124	17.34
1125	4.921
1126	17.89
1127	3.052
1128	29.95
1129	3.38
1130	20.12
1131	13.52
1132	12.04
1133	6.735
1134	-0.1469
1135	4.658
1136	6.149
1137	7.327
1138	9.964
1139	11.57
1140	16.07
1141	7.52
1142	12.16
1143	6.436
1144	-2.804
1145	8.123
1146	5.011
1147	13.74
1148	11.22
1149	1.636
1150	4.373
1151	3.955
1152	6.231
1153	0.5864
1154	8.931
1155	14.05
1156	9.129
1157	10.21
1158	17.45
1159	6.499
1160	9.565
1161	9.954
1162	9.832
1163	10.85
1164	8.764
1165	8.231
1166	4.629
1167	6.962
1168	5.863
1169	4.003
1170	4.755
1171	7.867
1172	3.168
1173	12.14
1174	10.89
1175	-2.947
1176	8.365
1177	16.71
1178	10.6
1179	17.32
1180	5.299
1181	3.171
1182	5.752
1183	5.196
1184	4.834
1185	11.62
1186	5.172
1187	15.18
1188	17.07
1189	6.617
1190	8.439
1191	3.456
1192	11.64
1193	11.38
1194	16.39
1195	11.73
1196	4.936
1197	-2.414
1198	2.945
1199	13.5
1200	8.032
1201	14.95
1202	19.09
1203	5.244
1204	13.9
1205	3.586
1206	4.31
1207	4.484
1208	4.505
1209	4.44
1210	3.408
1211	4.145
1212	4.552
1213	3.257
1214	-0.6248
1215	2.71
1216	-3.831
1217	4.003
1218	0.7298
1219	1.489
1220	8.558
1221	6.223
1222	29.34
1223	6.193
1224	10.18
1225	11.69
1226	12.46
1227	2.078
1228	7.691
1229	5.071
1230	5.77
1231	8.894
1232	8.364
1233	6.815
1234	1.038
1235	12.03
1236	-1.997
1237	5.617
1238	7.47
1239	6.424
1240	10.47
1241	1.333
1242	0.7834
1243	13.42
1244	5.228
1245	1.847
1246	6.688
1247	16.48
1248	14.42
1249	21.28
1250	1.159
1251	10.58
1252	13.71
1253	-0.5052
1254	9.782
1255	7.023
1256	7.192
1257	10.49
1258	6.195
1259	5.496
1260	5.924
1261	11.52
1262	11.58
1263	10.77
1264	0.9713
1265	0.6395
1266	13.71
1267	16.82
1268	8.166
1269	8.478
1270	10.72
1271	7.267
1272	0.4174
1273	11.5
1274	5.209
1275	11.85
1276	-3.127
1277	21.62
1278	7.318
1279	20.99
1280	11.65
1281	13.57
1282	13.45
1283	14.06
1284	14.1
1285	15.19
1286	17.83
1287	6.052
1288	19.57
1289	4.044
1290	8.972
1291	9.183
1292	8.192
1293	8.734
1294	8.85
1295	8.932
1296	8.256
1297	8.21
1298	7.258
1299	7.174
1300	6.768
1301	5.652
1302	4.975
1303	5.35
1304	11.76
1305	13.39
1306	12.25
1307	-7.374
1308	12.77
1309	9.593
1310	16.51
1311	0.7379
1312	9.241
1313	5.041
1314	7.284
1315	8.783
1316	20.51
1317	21.61
1318	14.64
1319	6.07
1320	14.82
1321	16.84
1322	-0.09201
1323	-1.733
1324	38.7
1325	9.848
1326	3.819
1327	4.072
1328	8.529
1329	7.108
1330	-5.427
1331	-1.164
1332	4.501
1333	13.95
1334	7.475
1335	15.92
1336	9.118
1337	3.012
1338	6.09
1339	3.61
1340	16.61
1341	10.98
1342	4.435
1343	16.12
1344	5.157
1345	3.945
1346	13.56
1347	10.07
1348	1.525
1349	-2.074
1350	4.396
1351	6.936
1352	12.74
1353	5.576
1354	11.81
1355	14.99
1356	-1.005
1357	3.035
1358	5.647
1359	4.75
1360	4.95
1361	5.423
1362	4.967
1363	4.082
1364	5.437
1365	7.173
1366	9.7
1367	12.16
1368	6.827
1369	9.294
1370	18.28
1371	4.415
1372	10.79
1373	13.49
1374	18.6
1375	11.14
1376	10.03
1377	5.938
1378	2.213
1379	12.62
1380	3.756
1381	8.872
1382	-1.63
1383	3.361
1384	9.411
1385	28.26
1386	7.136
1387	12.01
1388	-0.8402
1389	8.656
1390	11.93
1391	-1.288
1392	11.11
1393	13.17
1394	5.566
1395	0.1349
1396	5.864
1397	5.155
1398	0.8952
1399	2.774
1400	8.531
1401	16.34
1402	16.28
1403	16.84
1404	9.968
1405	5.829
1406	12.43
1407	8.589
1408	7.721
1409	6.227
1410	3.979
1411	2.956
1412	0.9106
1413	6.449
1414	4.169
1415	-0.3481
1416	10.97
1417	12.84
1418	14.96
1419	8.231
1420	10.91
1421	3.555
1422	9.298
1423	3.512
1424	0.3167
1425	10.62
1426	4.906
1427	13.3
1428	18.44
1429	7.839
1430	2.87
1431	20.51
1432	6.204
1433	22.24
1434	6.443
1435	4.05
1436	18.79
1437	5.275
1438	3.044
1439	3.385
1440	6.282
1441	13.83
1442	3.042
1443	4.36
1444	1.936
1445	5.552
1446	5.092
1447	10.16
1448	10.01
1449	11.28
1450	8.571
1451	-1.978
1452	8.061
1453	4.822
1454	8.609
1455	5.767
1456	2.818
1457	7.943
1458	-12.71
1459	11.2
1460	24.42
1461	8.397
1462	13.7
1463	12.57
1464	2.851
1465	6.186
1466	6.317
1467	7.593
1468	14.18
1469	6.762
1470	8.617
1471	7.762
1472	4.634
1473	0.4839
1474	7.35
1475	1.463
1476	8.688
1477	8.426
1478	6.039
1479	-6.789
1480	5.652
1481	9.857
1482	14.31
1483	14.03
1484	11.72
1485	7.01
1486	6.153
1487	6.29
1488	9.314
1489	3.505
1490	3.404
1491	-0.502
1492	17.07
1493	13.53
1494	7.292
1495	7.595
1496	13.96
1497	-5.147
1498	-3.29
1499	1.333
1500	2.159
1001	16.59
1002	-12.0
1003	0.9236
1004	5.707
1005	18.92
1006	22.66
1007	20.98
1008	15.66
1009	6.603
1010	-2.169
1011	7.143
1012	-1.283
1013	-0.5938
1014	14.61
1015	13.43
1016	6.36
1017	6.541
1018	11.58
1019	0.8548
1020	6.494
1021	-5.869
1022	5.273
1023	-0.1124
1024	15.56
1025	13.74
1026	5.72
1027	4.505
1028	5.276
1029	-1.908
1030	8.642
1031	3.829
1032	-5.921
1033	14.07
1034	1.898
1035	0.6746
1036	-3.399
1037	3.262
1038	7.622
1039	4.108
1040	-0.1587
1041	-9.013
1042	0.5559
1043	9.238
1044	1.218
1045	-2.585
1046	10.63
1047	1.38
1048	-1.976
1049	9.559
1050	5.795
1051	6.999
1052	5.805
1053	18.35
1054	0.674
1055	15.36
1056	13.78
1057	7.314
1058	-18.86
1059	3.887
1060	-0.1933
1061	13.35
1062	13.19
1063	3.994
1064	3.561
1065	12.9
1066	10.31
1067	7.367
1068	2.896
1069	6.046
1070	-9.227
1071	5.633
1072	3.091
1073	5.591
1074	10.64
1075	17.98
1076	2.741
1077	5.24
1078	5.281
1079	1.475
1080	5.347
1081	13.87
1082	14.93
1083	17.44
1084	16.74
1085	13.7
1086	-15.77
1087	4.432
1088	-17.99
1089	-9.569
1090	-7.26
1091	5.883
1092	9.748
1093	20.07
1094	8.709
1095	-21.06
1096	-24.91
1097	6.63
1098	13.96
1099	5.609
1100	4.927
1101	6.11
1102	1.909
1103	6.15
1104	7.533
1105	15.06
1106	4.103
1107	8.68
1108	5.946
1109	4.763
1110	5.02
1111	5.356
1112	5.495
1113	5.464
1114	6.206
1115	5.329
1116	5.379
1117	4.319
1118	4.668
1119	7.867
1120	11.95
1121	6.087
1122	8.544
1123	9.954
1124	10.79
1125	-27.82
1126	15.27
1127	-3.921
1128	-8.341
1129	-10.5
1130	13.8
1131	17.18
1132	14.22
1133	-4.613
1134	-6.89
1135	-2.254
1136	-5.318
1137	-4.995
1138	8.76
1139	0.704
1140	10.05
1141	2.792
1142	9.733
1143	-1.817
1144	13.61
1145	7.759
1146	-7.2
1147	-5.394
1148	7.532
1149	5.129
1150	5.048
1151	4.326
1152	8.222
1153	4.919
1154	4.147
1155	12.92
1156	-4.863
1157	9.507
1158	18.46
1159	7.289
1160	9.192
1161	10.09
1162	10.02
1163	9.478
1164	9.909
1165	-0.8216
1166	2.929
1167	11.41
1168	9.718
1169	7.665
1170	9.702
1171	7.99
1172	0.1101
1173	15.95
1174	-4.581
1175	-1.369
1176	7.798
1177	10.94
1178	25.43
1179	-10.61
1180	6.453
1181	10.09
1182	7.305
1183	5.673
1184	7.131
1185	8.822
1186	11.31
1187	15.45
1188	8.562
1189	2.486
1190	8.036
1191	-3.372
1192	14.01
1193	11.82
1194	22.5
1195	10.82
1196	9.844
1197	7.312
1198	-5.011
1199	5.929
1200	4.381
1201	21.53
1202	9.505
1203	5.932
1204	9.84
1205	3.755
1206	4.511
1207	4.498
1208	4.597
1209	4.737
1210	4.703
1211	4.309
1212	3.998
1213	3.435
1214	1.794
1215	2.88
1216	19.43
1217	2.258
1218	-0.5813
1219	12.74
1220	6.674
1221	4.754
1222	13.03
1223	8.537
1224	-2.576
1225	10.36
1226	6.003
1227	-8.128
1228	7.782
1229	7.263
1230	8.611
1231	8.635
1232	7.607
1233	5.835
1234	8.131
1235	8.437
1236	5.26
1237	4.962
1238	9.503
1239	13.96
1240	4.732
1241	-3.293
1242	2.87
1243	9.955
1244	-1.607
1245	-2.148
1246	0.5963
1247	9.95
1248	12.51
1249	18.39
1250	7.823
1251	2.53
1252	-3.408
1253	11.18
1254	12.93
1255	6.498
1256	4.581
1257	6.325
1258	7.343
1259	7.586
1260	16.65
1261	9.776
1262	6.865
1263	6.008
1264	-0.6295
1265	21.71
1266	14.72
1267	15.88
1268	6.618
1269	0.8169
1270	6.359
1271	-3.162
1272	-6.062
1273	7.076
1274	8.832
1275	9.238
1276	-1.667
1277	18.97
1278	-1.413
1279	9.306
1280	12.22
1281	17.15
1282	15.39
1283	14.15
1284	14.45
1285	14.42
1286	15.76
1287	6.512
1288	12.79
1289	11.99
1290	8.201
1291	8.99
1292	9.15
1293	8.6
1294	8.967
1295	9.237
1296	8.515
1297	7.337
1298	7.284
1299	7.184
1300	6.923
1301	5.883
1302	5.856
1303	6.857
1304	17.05
1305	12.29
1306	6.663
1307	5.373
1308	-11.61
1309	11.57
1310	26.2
1311	1.08
1312	1.057
1313	10.95
1314	5.388
1315	-8.401
1316	-9.273
1317	9.434
1318	-1.591
1319	1.098
1320	-4.06
1321	-8.468
1322	-1.013
1323	-7.878
1324	1.837
1325	11.93
1326	16.15
1327	7.288
1328	2.898
1329	-27.43
1330	12.7
1331	-2.894
1332	7.301
1333	11.45
1334	10.81
1335	-4.434
1336	2.365
1337	5.304
1338	6.18
1339	1.429
1340	8.917
1341	3.176
1342	12.2
1343	4.408
1344	13.92
1345	8.689
1346	5.763
1347	11.41
1348	-4.403
1349	8.679
1350	4.108
1351	5.692
1352	7.433
1353	-4.202
1354	-1.615
1355	8.435
1356	-0.6083
1357	6.723
1358	5.423
1359	4.705
1360	4.824
1361	5.029
1362	4.796
1363	6.235
1364	7.77
1365	2.51
1366	9.294
1367	5.288
1368	15.53
1369	13.67
1370	8.118
1371	17.39
1372	6.071
1373	10.19
1374	20.28
1375	0.05834
1376	-2.472
1377	10.61
1378	25.51
1379	9.489
1380	10.49
1381	7.406
1382	12.66
1383	9.155
1384	15.8
1385	9.078
1386	9.083
1387	3.288
1388	0.3095
1389	-0.1727
1390	6.678
1391	5.203
1392	4.926
1393	-10.59
1394	1.72
1395	5.68
1396	6.133
1397	1.24
1398	-0.8429
1399	1.397
1400	3.224
1401	16.2
1402	11.01
1403	2.63
1404	4.61
1405	8.147
1406	10.1
1407	5.226
1408	6.508
1409	9.263
1410	-3.784
1411	7.937
1412	8.818
1413	6.144
1414	14.0
1415	-3.307
1416	12.34
1417	14.96
1418	17.41
1419	8.461
1420	0.3823
1421	7.584
1422	21.07
1423	7.436
1424	2.02
1425	21.11
1426	9.101
1427	-0.3587
1428	9.802
1429	9.214
1430	2.268
1431	0.7883
1432	2.689
1433	0.3623
1434	4.655
1435	14.76
1436	18.98
1437	7.466
1438	3.916
1439	3.705
1440	5.372
1441	0.3655
1442	2.631
1443	-6.109
1444	7.905
1445	7.274
1446	-16.89
1447	8.772
1448	7.898
1449	19.01
1450	19.72
1451	-3.013
1452	4.44
1453	6.893
1454	14.06
1455	1.658
1456	14.98
1457	16.71
1458	0.7565
1459	14.59
1460	13.39
1461	-32.45
1462	12.82
1463	13.46
1464	16.66
1465	11.83
1466	9.14
1467	8.8
1468	11.58
1469	8.141
1470	14.78
1471	-18.72
1472	-1.083
1473	6.653
1474	9.682
1475	6.989
1476	5.519
1477	9.368
1478	3.242
1479	-5.537
1480	7.284
1481	13.69
1482	12.71
1483	10.82
1484	11.99
1485	6.586
1486	5.704
1487	6.16
1488	7.14
1489	3.409
1490	-4.193
1491	5.796
1492	-0.6958
1493	13.01
1494	10.93
1495	-0.8774
1496	0.9566
1497	6.511
1498	7.936
1499	8.797
1500	7.907
1001	6.957
1002	15.4
1003	-2.197
1004	-2.927
1005	9.803
1006	4.396
1007	4.946
1008	14.71
1009	7.22
1010	17.26
1011	12.44
1012	6.112
1013	14.4
1014	6.032
1015	18.38
1016	9.875
1017	9.919
1018	9.964
1019	14.48
1020	1.661
1021	4.121
1022	5.4
1023	5.595
1024	22.36
1025	4.01
1026	6.016
1027	5.119
1028	-2.427
1029	10.88
1030	5.339
1031	4.855
1032	3.694
1033	9.61
1034	7.853
1035	1.953
1036	6.61
1037	14.43
1038	0.1439
1039	12.06
1040	21.91
1041	-4.142
1042	2.674
1043	8.709
1044	3.853
1045	7.566
1046	12.09
1047	13.45
1048	23.3
1049	14.61
1050	14.22
1051	8.251
1052	10.26
1053	10.83
1054	6.912
1055	2.263
1056	6.131
1057	13.18
1058	12.27
1059	-4.148
1060	12.03
1061	12.02
1062	6.964
1063	3.553
1064	9.66
1065	9.729
1066	-1.666
1067	6.209
1068	15.71
1069	-1.439
1070	9.053
1071	5.782
1072	4.13
1073	-0.3022
1074	10.85
1075	-11.47
1076	0.04203
1077	11.5
1078	1.236
1079	11.29
1080	8.907
1081	5.277
1082	15.69
1083	11.51
1084	14.61
1085	13.53
1086	-0.2528
1087	15.57
1088	12.71
1089	10.13
1090	24.83
1091	13.24
1092	14.29
1093	15.5
1094	21.49
1095	-3.369
1096	-3.459
1097	7.601
1098	17.82
1099	5.435
1100	6.33
1101	6.294
1102	3.15
1103	8.102
1104	1.591
1105	9.141
1106	-1.968
1107	9.243
1108	7.02
1109	5.376
1110	4.915
1111	5.266
1112	5.355
1113	5.351
1114	5.889
1115	6.03
1116	5.756
1117	2.578
1118	15.88
1119	9.669
1120	-11.2
1121	4.713
1122	4.24
1123	6.699
1124	10.64
1125	5.317
1126	-6.621
1127	-0.1964
1128	16.72
1129	2.413
1130	5.257
1131	11.77
1132	13.2
1133	10.85
1134	12.47
1135	2.027
1136	11.2
1137	-0.2514
1138	1.96
1139	1.753
1140	2.169
1141	4.016
1142	7.813
1143	8.713
1144	1.12
1145	4.08
1146	2.872
1147	2.437
1148	4.391
1149	4.541
1150	5.713
1151	4.804
1152	2.314
1153	7.132
1154	7.2
1155	6.157
1156	5.546
1157	8.354
1158	14.82
1159	10.82
1160	9.45
1161	10.19
1162	9.873
1163	10.62
1164	7.931
1165	6.704
1166	3.727
1167	7.734
1168	15.19
1169	3.902
1170	9.808
1171	8.319
1172	21.81
1173	1.868
1174	5.627
1175	11.33
1176	2.826
1177	10.64
1178	17.14
1179	4.365
1180	7.824
1181	7.147
1182	2.378
1183	5.189
1184	6.351
1185	7.239
1186	10.27
1187	21.49
1188	13.13
1189	6.387
1190	10.73
1191	2.727
1192	9.562
1193	4.098
1194	21.2
1195	7.908
1196	4.607
1197	-5.648
1198	-0.175
1199	10.67
1200	8.024
1201	15.03
1202	12.97
1203	6.898
1204	7.285
1205	4.32
1206	4.47
1207	4.523
1208	4.405
1209	4.192
1210	3.927
1211	4.144
1212	4.131
1213	3.417
1214	1.27
1215	3.397
1216	4.65
1217	5.472
1218	-1.94
1219	12.04
1220	5.063
1221	8.345
1222	17.6
1223	7.073
1224	-1.454
1225	2.122
1226	8.262
1227	-5.593
1228	5.925
1229	6.77
1230	8.276
1231	7.681
1232	4.181
1233	4.578
1234	9.779
1235	-0.8369
1236	7.791
1237	8.656
1238	5.169
1239	3.35
1240	14.01
1241	20.31
1242	2.837
1243	5.616
1244	-1.32
1245	-0.05898
1246	-9.301
1247	14.27
1248	24.95
1249	-3.819
1250	-10.78
1251	8.007
1252	5.392
1253	1.705
1254	11.05
1255	7.786
1256	6.458
1257	6.585
1258	2.793
1259	10.44
1260	2.404
1261	16.89
1262	9.404
1263	-0.129
1264	-4.405
1265	-1.622
1266	7.285
1267	15.19
1268	0.157
1269	0.5409
1270	7.985
1271	3.186
1272	5.7
1273	-7.317
1274	3.945
1275	3.561
1276	1.603
1277	19.56
1278	23.64
1279	17.86
1280	12.51
1281	15.34
1282	16.99
1283	14.47
1284	15.25
1285	15.0
1286	13.42
1287	13.25
1288	7.083
1289	12.01
1290	9.214
1291	11.08
1292	8.945
1293	8.715
1294	8.843
1295	8.615
1296	8.164
1297	7.326
1298	7.47
1299	7.046
1300	6.786
1301	5.371
1302	5.524
1303	5.481
1304	6.532
1305	8.434
1306	-2.3
1307	19.06
1308	23.66
1309	11.09
1310	14.39
1311	4.989
1312	3.258
1313	13.77
1314	7.384
1315	9.284
1316	24.01
1317	24.3
1318	6.211
1319	28.24
1320	13.36
1321	3.958
1322	-0.861
1323	1.158
1324	20.74
1325	1.618
1326	11.65
1327	7.35
1328	4.144
1329	-3.15
1330	14.85
1331	1.616
1332	0.6619
1333	9.888
1334	10.55
1335	7.897
1336	4.478
1337	5.365
1338	5.718
1339	6.191
1340	23.37
1341	-7.034
1342	16.06
1343	7.11
1344	14.68
1345	5.19
1346	6.823
1347	1.192
1348	2.544
1349	12.52
1350	5.12
1351	6.623
1352	0.3618
1353	-1.494
1354	12.31
1355	17.89
1356	-1.044
1357	4.767
1358	5.646
1359	4.639
1360	5.092
1361	5.041
1362	4.656
1363	3.799
1364	5.425
1365	0.9952
1366	2.473
1367	13.02
1368	12.27
1369	20.25
1370	14.68
1371	11.21
1372	7.977
1373	10.45
1374	13.76
1375	13.48
1376	5.857
1377	8.403
1378	3.591
1379	8.752
1380	8.574
1381	1.151
1382	-7.691
1383	4.028
1384	16.56
1385	19.04
1386	7.209
1387	7.71
1388	-1.038
1389	1.594
1390	16.15
1391	11.01
1392	13.29
1393	26.31
1394	2.974
1395	-1.464
1396	4.698
1397	5.208
1398	-0.7525
1399	6.474
1400	8.865
1401	15.55
1402	16.76
1403	12.54
1404	3.583
1405	13.92
1406	6.005
1407	0.5075
1408	8.99
1409	5.448
1410	6.387
1411	1.692
1412	6.973
1413	17.57
1414	4.623
1415	6.645
1416	12.65
1417	15.65
1418	19.17
1419	7.056
1420	-0.4822
1421	5.19
1422	20.43
1423	-1.572
1424	-9.993
1425	2.328
1426	8.383
1427	5.666
1428	18.41
1429	9.711
1430	18.37
1431	20.41
1432	4.78
1433	15.06
1434	2.124
1435	18.95
1436	-0.1984
1437	3.64
1438	4.74
1439	3.77
1440	14.31
1441	4.086
1442	10.72
1443	7.704
1444	5.856
1445	7.57
1446	5.149
1447	3.225
1448	5.696
1449	11.55
1450	-4.484
1451	4.711
1452	17.84
1453	8.261
1454	7.609
1455	1.697
1456	6.655
1457	7.871
1458	5.945
1459	1.526
1460	-10.68
1461	3.156
1462	9.973
1463	13.56
1464	15.53
1465	8.584
1466	2.583
1467	-1.093
1468	-3.157
1469	-5.341
1470	12.35
1471	3.123
1472	2.827
1473	1.284
1474	9.088
1475	10.82
1476	11.19
1477	16.23
1478	3.374
1479	16.76
1480	3.346
1481	10.79
1482	11.56
1483	6.061
1484	11.36
1485	3.947
1486	5.411
1487	3.85
1488	6.046
1489	3.287
1490	1.607
1491	10.62
1492	10.91
1493	4.892
1494	10.83
1495	1.769
1496	4.666
1497	0.2708
1498	21.88
1499	-0.382
1500	7.688
1001	-1.075
1002	-4.83
1003	-1.035
1004	0.9458
1005	13.71
1006	8.606
1007	4.529
1008	10.1
1009	2.603
1010	15.15
1011	1.67
1012	14.32
1013	-0.3968
1014	6.381
1015	5.715
1016	7.956
1017	0.6109
1018	5.066
1019	-1.387
1020	0.99
1021	2.911
1022	5.198
1023	9.747
1024	18.48
1025	3.537
1026	5.308
1027	5.421
1028	-1.861
1029	-0.7023
1030	6.954
1031	-1.269
1032	7.218
1033	21.32
1034	2.504
1035	8.78
1036	9.682
1037	4.894
1038	-1.072
1039	9.211
1040	-4.564
1041	-4.089
1042	9.547
1043	9.28
1044	-6.344
1045	9.866
1046	10.69
1047	0.4929
1048	0.4222
1049	2.516
1050	13.54
1051	4.071
1052	9.579
1053	14.72
1054	4.907
1055	6.878
1056	9.752
1057	15.52
1058	9.929
1059	-13.66
1060	4.062
1061	9.94
1062	18.54
1063	3.635
1064	3.806
1065	13.34
1066	11.19
1067	-4.172
1068	10.93
1069	5.666
1070	0.6825
1071	9.013
1072	2.467
1073	1.633
1074	7.253
1075	10.48
1076	-5.431
1077	-6.0
1078	7.018
1079	10.96
1080	-8.201
1081	-4.099
1082	6.511
1083	14.7
1084	15.73
1085	10.69
1086	15.54
1087	2.404
1088	4.901
1089	9.871
1090	-12.49
1091	6.521
1092	4.198
1093	-11.42
1094	2.281
1095	1.027
1096	0.4758
1097	4.773
1098	14.43
1099	-3.412
1100	5.158
1101	6.092
1102	4.384
1103	-1.413
1104	-1.745
1105	-2.774
1106	14.22
1107	7.497
1108	5.473
1109	4.674
1110	4.739
1111	5.189
1112	5.43
1113	4.932
1114	5.625
1115	5.468
1116	5.906
1117	4.079
1118	-0.2315
1119	6.286
1120	0.1068
1121	5.343
1122	7.057
1123	4.926
1124	7.731
1125	-2.158
1126	17.99
1127	3.18
1128	14.35
1129	-8.041
1130	0.464
1131	5.508
1132	12.75
1133	7.474
1134	-2.381
1135	6.562
1136	-8.431
1137	8.543
1138	3.289
1139	6.762
1140	6.668
1141	3.621
1142	14.75
1143	4.303
1144	-5.585
1145	-0.595
1146	-0.1149
1147	2.862
1148	4.508
1149	3.396
1150	4.866
1151	4.457
1152	7.227
1153	0.3424
1154	3.901
1155	13.01
1156	-0.5978
1157	9.835
1158	-7.548
1159	2.281
1160	9.374
1161	9.827
1162	9.989
1163	9.432
1164	8.202
1165	-3.421
1166	5.044
1167	10.4
1168	3.278
1169	3.334
1170	8.914
1171	5.639
1172	12.5
1173	-6.261
1174	9.385
1175	-1.934
1176	2.794
1177	9.567
1178	3.421
1179	3.732
1180	-8.759
1181	2.762
1182	6.713
1183	4.909
1184	6.047
1185	9.704
1186	11.04
1187	16.56
1188	12.21
1189	4.454
1190	5.818
1191	-2.754
1192	7.031
1193	10.11
1194	-3.676
1195	5.106
1196	10.8
1197	2.764
1198	-0.5124
1199	5.152
1200	11.7
1201	4.798
1202	-0.931
1203	2.426
1204	13.24
1205	3.732
1206	4.592
1207	4.601
1208	4.539
1209	4.557
1210	3.569
1211	4.071
1212	4.397
1213	1.463
1214	-0.721
1215	2.915
1216	25.61
1217	-6.772
1218	0.6784
1219	8.181
1220	6.196
1221	9.499
1222	6.555
1223	4.656
1224	-4.318
1225	-1.373
1226	12.41
1227	0.5356
1228	6.749
1229	5.982
1230	6.55
1231	8.553
1232	7.727
1233	7.124
1234	4.173
1235	1.521
1236	-10.55
1237	8.359
1238	6.121
1239	5.238
1240	10.15
1241	-10.71
1242	9.436
1243	-0.6479
1244	-7.016
1245	1.131
1246	13.64
1247	-8.174
1248	7.161
1249	10.4
1250	-14.04
1251	4.739
1252	10.93
1253	6.836
1254	11.62
1255	7.483
1256	5.732
1257	3.818
1258	11.26
1259	9.852
1260	-0.9551
1261	12.09
1262	11.95
1263	0.03754
1264	-1.657
1265	-8.295
1266	0.1282
1267	16.9
1268	-3.977
1269	-0.9825
1270	0.1728
1271	3.872
1272	2.47
1273	5.876
1274	-5.61
1275	0.06994
1276	-1.89
1277	7.776
1278	6.613
1279	9.344
1280	13.04
1281	17.78
1282	14.78
1283	14.04
1284	14.6
1285	14.19
1286	9.578
1287	6.753
1288	-0.5073
1289	12.55
1290	9.007
1291	10.97
1292	9.066
1293	8.681
1294	8.949
1295	8.791
1296	8.06
1297	8.102
1298	7.321
1299	6.992
1300	6.787
1301	6.266
1302	4.869
1303	4.821
1304	4.923
1305	6.41
1306	10.73
1307	2.482
1308	8.663
1309	10.07
1310	-5.298
1311	-1.222
1312	0.08085
1313	1.023
1314	7.864
1315	-2.637
1316	-5.951
1317	3.226
1318	-1.922
1319	-2.881
1320	-3.487
1321	-1.527
1322	-1.104
1323	0.6986
1324	5.438
1325	0.3811
1326	1.831
1327	6.921
1328	7.672
1329	9.822
1330	0.1229
1331	0.2462
1332	15.76
1333	5.971
1334	13.52
1335	5.098
1336	0.611
1337	4.743
1338	6.409
1339	1.018
1340	-2.436
1341	12.76
1342	12.87
1343	11.31
1344	10.84
1345	7.829
1346	9.422
1347	8.572
1348	-0.2651
1349	5.914
1350	5.131
1351	5.78
1352	8.423
1353	2.322
1354	12.31
1355	10.82
1356	-4.736
1357	7.076
1358	5.943
1359	4.849
1360	4.73
1361	4.826
1362	5.018
1363	4.941
1364	4.143
1365	4.952
1366	0.3309
1367	7.052
1368	-2.589
1369	3.839
1370	8.562
1371	-4.953
1372	1.866
1373	9.875
1374	14.4
1375	9.887
1376	1.184
1377	15.74
1378	5.356
1379	2.225
1380	16.79
1381	4.654
1382	17.99
1383	2.616
1384	-0.81
1385	-2.661
1386	4.801
1387	4.822
1388	-3.561
1389	6.685
1390	15.47
1391	2.418
1392	0.5024
1393	3.53
1394	5.883
1395	11.92
1396	5.594
1397	4.102
1398	5.868
1399	-4.927
1400	3.718
1401	15.77
1402	10.99
1403	12.14
1404	19.16
1405	4.64
1406	2.743
1407	1.092
1408	8.075
1409	8.421
1410	1.882
1411	2.61
1412	-4.494
1413	1.204
1414	13.19
1415	5.455
1416	9.352
1417	12.37
1418	12.46
1419	8.61
1420	10.63
1421	11.01
1422	-7.713
1423	11.68
1424	-13.53
1425	11.02
1426	4.435
1427	4.865
1428	15.12
1429	2.03
1430	-7.776
1431	-1.399
1432	5.281
1433	13.02
1434	-0.6407
1435	5.511
1436	-7.196
1437	9.053
1438	2.324
1439	3.815
1440	7.593
1441	5.587
1442	11.24
1443	1.567
1444	-1.402
1445	10.73
1446	-2.086
1447	3.503
1448	4.973
1449	-2.153
1450	1.744
1451	14.79
1452	10.06
1453	8.298
1454	9.893
1455	4.094
1456	-4.089
1457	9.44
1458	-9.881
1459	8.66
1460	-0.02817
1461	5.31
1462	11.5
1463	12.51
1464	7.417
1465	1.388
1466	3.431
1467	-7.385
1468	4.197
1469	11.09
1470	14.45
1471	0.242
1472	-0.06028
1473	7.332
1474	9.853
1475	-1.941
1476	5.988
1477	-0.0387
1478	-7.262
1479	-2.34
1480	2.048
1481	5.592
1482	8.862
1483	12.45
1484	10.58
1485	5.441
1486	6.318
1487	4.819
1488	10.81
1489	1.514
1490	-1.811
1491	-2.74
1492	-2.148
1493	4.76
1494	6.414
1495	8.86
1496	8.53
1497	4.34
1498	4.143
1499	7.545
1500	3.115
1001	5.144
1002	6.219
1003	-1.408
1004	4.435
1005	10.39
1006	8.622
1007	5.273
1008	14.43
1009	8.245
1010	10.35
1011	7.727
1012	15.37
1013	5.559
1014	13.71
1015	10.29
1016	13.34
1017	16.44
1018	6.109
1019	4.07
1020	-0.1356
1021	19.5
1022	4.609
1023	-1.104
1024	17.78
1025	11.31
1026	4.713
1027	4.814
1028	0.5313
1029	-3.205
1030	4.449
1031	5.005
1032	15.81
1033	4.869
1034	6.563
1035	16.45
1036	4.565
1037	3.683
1038	-16.97
1039	3.365
1040	16.59
1041	9.395
1042	5.17
1043	7.07
1044	-3.29
1045	1.808
1046	12.15
1047	14.8
1048	6.82
1049	4.149
1050	6.221
1051	0.846
1052	6.382
1053	7.214
1054	10.95
1055	5.886
1056	18.4
1057	11.13
1058	6.168
1059	-7.078
1060	2.3
1061	8.562
1062	14.32
1063	2.731
1064	5.467
1065	0.645
1066	-2.13
1067	0.7678
1068	10.64
1069	8.887
1070	0.2901
1071	7.174
1072	2.968
1073	1.486
1074	9.269
1075	-3.986
1076	2.113
1077	8.934
1078	0.3026
1079	6.347
1080	11.08
1081	3.971
1082	5.994
1083	5.536
1084	11.11
1085	12.41
1086	-9.992
1087	8.462
1088	-1.048
1089	9.246
1090	8.294
1091	7.119
1092	14.28
1093	16.71
1094	16.54
1095	2.36
1096	5.253
1097	9.584
1098	4.798
1099	6.61
1100	5.776
1101	6.498
1102	1.601
1103	2.085
1104	7.001
1105	-3.099
1106	3.793
1107	7.452
1108	5.747
1109	4.384
1110	5.239
1111	5.326
1112	5.377
1113	5.832
1114	6.224
1115	5.224
1116	5.298
1117	10.05
1118	12.2
1119	0.8865
1120	6.406
1121	5.306
1122	7.956
1123	4.487
1124	7.919
1125	-3.946
1126	12.12
1127	-3.985
1128	-2.661
1129	-11.71
1130	10.97
1131	5.438
1132	15.44
1133	16.8
1134	-8.824
1135	9.68
1136	-7.262
1137	-2.085
1138	3.519
1139	11.46
1140	4.523
1141	-0.8392
1142	6.896
1143	5.939
1144	13.57
1145	8.085
1146	13.74
1147	20.0
1148	2.523
1149	4.067
1150	5.128
1151	5.328
1152	5.743
1153	3.326
1154	0.5054
1155	9.994
1156	6.297
1157	6.876
1158	12.93
1159	3.479
1160	9.181
1161	10.21
1162	9.968
1163	8.886
1164	6.91
1165	-3.068
1166	6.655
1167	6.744
1168	13.84
1169	0.153
1170	7.59
1171	4.066
1172	-6.304
1173	14.0
1174	-0.5423
1175	16.48
1176	9.072
1177	18.57
1178	3.007
1179	9.363
1180	6.794
1181	5.602
1182	1.77
1183	5.542
1184	7.802
1185	7.673
1186	1.953
1187	15.85
1188	10.75
1189	4.502
1190	1.538
1191	12.0
1192	3.297
1193	9.356
1194	-0.02419
1195	2.986
1196	13.69
1197	3.611
1198	6.917
1199	-3.114
1200	6.115
1201	22.18
1202	14.18
1203	5.9
1204	16.26
1205	4.857
1206	4.73
1207	4.697
1208	4.83
1209	4.553
1210	4.817
1211	3.927
1212	4.144
1213	2.534
1214	0.1399
1215	2.33
1216	9.121
1217	5.98
1218	-6.888
1219	7.633
1220	5.863
1221	-8.011
1222	13.16
1223	18.96
1224	-0.64
1225	16.49
1226	5.978
1227	7.206
1228	6.799
1229	5.671
1230	7.451
1231	5.504
1232	11.46
1233	7.242
1234	6.201
1235	1.904
1236	-1.111
1237	4.601
1238	6.933
1239	9.811
1240	9.133
1241	21.86
1242	11.54
1243	16.76
1244	-1.731
1245	-4.06
1246	0.7275
1247	6.127
1248	3.204
1249	11.25
1250	4.238
1251	7.602
1252	1.855
1253	4.168
1254	10.23
1255	8.832
1256	6.203
1257	8.379
1258	9.682
1259	9.259
1260	2.544
1261	5.89
1262	13.9
1263	4.429
1264	4.988
1265	0.5522
1266	14.66
1267	13.27
1268	4.017
1269	-2.925
1270	1.684
1271	-0.04433
1272	8.564
1273	7.148
1274	3.862
1275	2.214
1276	11.19
1277	18.96
1278	-0.6554
1279	8.879
1280	12.17
1281	17.36
1282	13.47
1283	14.25
1284	16.27
1285	14.25
1286	14.16
1287	9.934
1288	14.61
1289	6.395
1290	8.559
1291	9.237
1292	9.358
1293	8.606
1294	9.3
1295	9.063
1296	8.401
1297	7.556
1298	7.258
1299	6.914
1300	7.184
1301	6.484
1302	5.217
1303	5.306
1304	3.909
1305	7.969
1306	9.678
1307	5.439
1308	8.421
1309	11.94
1310	11.08
1311	4.541
1312	-1.914
1313	25.6
1314	0.02846
1315	-4.574
1316	12.78
1317	24.22
1318	-16.55
1319	-3.106
1320	6.172
1321	-8.1
1322	-2.521
1323	0.9273
1324	-0.7328
1325	-1.818
1326	10.51
1327	5.288
1328	6.084
1329	6.329
1330	2.065
1331	-6.03
1332	6.996
1333	12.49
1334	17.26
1335	9.398
1336	-3.331
1337	4.049
1338	5.727
1339	1.268
1340	2.069
1341	-3.613
1342	22.84
1343	24.76
1344	3.392
1345	9.144
1346	11.13
1347	-3.246
1348	1.501
1349	3.501
1350	6.488
1351	6.63
1352	1.49
1353	6.107
1354	16.65
1355	8.846
1356	-10.87
1357	6.441
1358	5.413
1359	4.39
1360	4.788
1361	4.742
1362	4.942
1363	5.543
1364	3.919
1365	-4.802
1366	3.319
1367	11.35
1368	5.807
1369	-4.104
1370	5.606
1371	-7.222
1372	6.883
1373	11.02
1374	14.41
1375	9.786
1376	6.369
1377	6.534
1378	-16.74
1379	2.892
1380	7.019
1381	1.143
1382	15.82
1383	5.622
1384	10.61
1385	12.68
1386	8.735
1387	3.75
1388	6.243
1389	-0.9889
1390	3.415
1391	2.913
1392	13.74
1393	6.852
1394	7.958
1395	12.62
1396	6.115
1397	-2.799
1398	0.8275
1399	1.891
1400	15.2
1401	14.34
1402	9.932
1403	14.2
1404	15.22
1405	14.89
1406	12.2
1407	13.82
1408	3.732
1409	6.828
1410	0.01503
1411	-1.325
1412	3.985
1413	0.454
1414	11.03
1415	-5.88
1416	14.52
1417	12.97
1418	12.77
1419	3.092
1420	1.43
1421	7.941
1422	10.06
1423	15.08
1424	-2.143
1425	-0.6297
1426	8.476
1427	8.694
1428	13.89
1429	5.221
1430	12.62
1431	10.04
1432	0.6473
1433	9.837
1434	-4.728
1435	-2.787
1436	7.398
1437	4.033
1438	5.125
1439	4.253
1440	4.679
1441	1.091
1442	6.683
1443	8.203
1444	8.048
1445	7.152
1446	8.906
1447	4.628
1448	-3.005
1449	6.221
1450	27.76
1451	13.52
1452	9.124
1453	5.992
1454	4.852
1455	1.966
1456	0.9639
1457	5.652
1458	-12.11
1459	10.8
1460	10.84
1461	16.83
1462	17.57
1463	13.81
1464	8.43
1465	18.3
1466	5.098
1467	3.941
1468	7.666
1469	9.095
1470	6.562
1471	7.694
1472	4.464
1473	7.776
1474	7.633
1475	-6.034
1476	7.088
1477	5.395
1478	-1.179
1479	-9.433
1480	3.913
1481	13.9
1482	13.22
1483	9.964
1484	10.56
1485	4.431
1486	6.356
1487	4.522
1488	9.058
1489	3.211
1490	3.668
1491	1.308
1492	1.452
1493	9.602
1494	7.205
1495	7.876
1496	-2.522
1497	-2.519
1498	8.359
1499	-3.56
1500	21.0
1001	9.103
1002	14.04
1003	1.633
1004	6.081
1005	17.01
1006	14.86
1007	13.41
1008	21.01
1009	9.144
1010	13.35
1011	16.47
1012	8.733
1013	10.96
1014	12.2
1015	15.24
1016	13.44
1017	15.16
1018	9.389
1019	23.84
1020	15.11
1021	16.38
1022	7.413
1023	8.665
1024	16.68
1025	5.833
1026	6.355
1027	4.494
1028	19.52
1029	4.899
1030	11.67
1031	4.482
1032	19.12
1033	10.35
1034	8.847
1035	19.84
1036	10.31
1037	3.327
1038	16.41
1039	16.14
1040	8.748
1041	13.18
1042	10.81
1043	8.201
1044	0.1187
1045	3.259
1046	13.72
1047	17.17
1048	8.645
1049	2.711
1050	-5.597
1051	12.78
1052	15.02
1053	7.269
1054	15.89
1055	9.93
1056	16.55
1057	19.13
1058	11.52
1059	4.091
1060	14.68
1061	6.105
1062	16.08
1063	4.654
1064	13.25
1065	9.558
1066	1.792
1067	6.495
1068	13.78
1069	13.86
1070	10.73
1071	7.612
1072	4.358
1073	2.262
1074	12.21
1075	14.06
1076	17.69
1077	8.523
1078	10.69
1079	19.45
1080	1.243
1081	3.801
1082	11.56
1083	13.66
1084	7.834
1085	12.91
1086	11.33
1087	10.15
1088	10.01
1089	6.658
1090	11.83
1091	8.301
1092	13.44
1093	12.96
1094	10.53
1095	16.81
1096	-3.226
1097	8.042
1098	23.36
1099	12.67
1100	6.931
1101	6.422
1102	4.356
1103	4.652
1104	9.271
1105	2.081
1106	8.593
1107	6.081
1108	6.028
1109	4.194
1110	5.128
1111	5.136
1112	5.668
1113	5.112
1114	6.353
1115	4.832
1116	4.955
1117	8.519
1118	9.896
1119	5.994
1120	18.61
1121	9.309
1122	8.179
1123	8.176
1124	16.15
1125	23.31
1126	20.96
1127	16.14
1128	-1.084
1129	0.8833
1130	16.54
1131	9.716
1132	12.64
1133	19.1
1134	12.63
1135	11.02
1136	-5.032
1137	15.62
1138	4.178
1139	5.215
1140	9.955
1141	4.803
1142	10.67
1143	14.14
1144	11.96
1145	26.3
1146	27.41
1147	25.48
1148	11.48
1149	3.079
1150	5.074
1151	4.313
1152	4.674
1153	2.024
1154	7.085
1155	18.49
1156	3.672
1157	9.142
1158	4.856
1159	10.92
1160	9.532
1161	10.07
1162	9.849
1163	8.944
1164	9.173
1165	10.67
1166	9.602
1167	7.187
1168	11.81
1169	3.58
1170	8.316
1171	4.584
1172	25.19
1173	13.52
1174	5.997
1175	15.66
1176	0.9257
1177	8.866
1178	13.32
1179	19.44
1180	14.04
1181	-1.883
1182	4.418
1183	5.19
1184	6.289
1185	14.91
1186	5.199
1187	17.93
1188	20.58
1189	4.537
1190	7.679
1191	10.6
1192	4.306
1193	6.902
1194	21.44
1195	11.57
1196	23.03
1197	7.059
1198	5.908
1199	-2.448
1200	13.38
1201	8.555
1202	17.78
1203	16.75
1204	11.44
1205	4.201
1206	4.487
1207	4.596
1208	4.299
1209	4.893
1210	4.219
1211	4.148
1212	4.842
1213	0.6748
1214	1.652
1215	2.995
1216	14.33
1217	15.21
1218	-0.5849
1219	7.09
1220	5.727
1221	6.572
1222	13.24
1223	10.49
1224	4.088
1225	4.63
1226	14.68
1227	3.975
1228	7.816
1229	8.782
1230	7.212
1231	9.688
1232	9.923
1233	5.75
1234	11.06
1235	11.55
1236	27.15
1237	13.26
1238	11.37
1239	12.59
1240	12.74
1241	-7.095
1242	19.84
1243	4.845
1244	13.07
1245	-4.386
1246	9.805
1247	0.9928
1248	17.87
1249	19.56
1250	20.38
1251	7.433
1252	18.58
1253	7.043
1254	14.69
1255	6.719
1256	7.079
1257	8.674
1258	25.06
1259	6.002
1260	16.7
1261	12.12
1262	10.74
1263	4.66
1264	-2.04
1265	32.96
1266	8.562
1267	12.2
1268	14.77
1269	10.28
1270	13.41
1271	-2.24
1272	7.59
1273	14.79
1274	10.61
1275	17.24
1276	1.662
1277	23.29
1278	15.66
1279	8.71
1280	13.21
1281	15.42
1282	15.96
1283	14.18
1284	15.2
1285	14.35
1286	16.12
1287	6.576
1288	9.013
1289	15.32
1290	7.768
1291	9.472
1292	8.443
1293	8.683
1294	8.772
1295	8.691
1296	8.425
1297	7.456
1298	7.259
1299	7.144
1300	6.986
1301	5.763
1302	4.92
1303	6.849
1304	9.354
1305	9.04
1306	6.903
1307	14.73
1308	10.58
1309	11.76
1310	19.03
1311	7.312
1312	17.31
1313	16.52
1314	11.59
1315	16.19
1316	21.67
1317	34.02
1318	20.93
1319	27.17
1320	35.26
1321	-1.716
1322	-4.23
1323	4.118
1324	12.12
1325	4.776
1326	10.13
1327	5.162
1328	15.49
1329	3.209
1330	9.302
1331	2.285
1332	10.89
1333	14.56
1334	14.99
1335	3.287
1336	3.23
1337	5.018
1338	5.712
1339	-0.9673
1340	12.09
1341	42.46
1342	20.54
1343	10.49
1344	9.024
1345	4.583
1346	7.015
1347	11.54
1348	15.75
1349	11.24
1350	4.811
1351	4.103
1352	-1.589
1353	12.81
1354	13.56
1355	10.3
1356	1.954
1357	7.207
1358	5.427
1359	4.765
1360	5.025
1361	5.178
1362	4.835
1363	5.962
1364	6.97
1365	6.952
1366	11.78
1367	22.74
1368	20.83
1369	8.97
1370	12.8
1371	6.831
1372	7.838
1373	14.56
1374	16.16
1375	11.54
1376	5.69
1377	9.003
1378	2.761
1379	13.62
1380	9.507
1381	7.349
1382	15.01
1383	8.646
1384	1.796
1385	4.438
1386	7.029
1387	8.135
1388	5.992
1389	33.36
1390	12.92
1391	0.1342
1392	11.79
1393	18.28
1394	14.99
1395	11.9
1396	6.728
1397	11.05
1398	0.6826
1399	6.179
1400	12.78
1401	13.41
1402	14.08
1403	20.92
1404	18.72
1405	16.08
1406	10.11
1407	8.362
1408	4.734
1409	6.721
1410	11.83
1411	8.816
1412	9.51
1413	11.39
1414	4.501
1415	4.9
1416	14.8
1417	14.8
1418	8.396
1419	13.12
1420	12.52
1421	5.283
1422	9.756
1423	6.27
1424	15.46
1425	10.89
1426	5.373
1427	7.471
1428	25.32
1429	14.74
1430	13.85
1431	28.29
1432	2.525
1433	14.43
1434	11.79
1435	10.55
1436	-0.3075
1437	12.35
1438	4.824
1439	3.666
1440	6.563
1441	25.59
1442	17.31
1443	13.04
1444	12.7
1445	0.8737
1446	18.67
1447	8.165
1448	8.408
1449	24.46
1450	23.61
1451	5.176
1452	13.46
1453	6.961
1454	13.82
1455	3.994
1456	6.969
1457	33.52
1458	22.13
1459	34.12
1460	22.79
1461	3.422
1462	15.71
1463	10.56
1464	23.96
1465	23.72
1466	3.205
1467	7.486
1468	19.48
1469	14.74
1470	11.05
1471	11.45
1472	5.964
1473	8.871
1474	17.09
1475	10.46
1476	10.45
1477	2.965
1478	3.653
1479	4.101
1480	4.657
1481	9.793
1482	11.98
1483	9.928
1484	12.51
1485	5.723
1486	5.07
1487	7.028
1488	9.238
1489	3.417
1490	5.011
1491	12.32
1492	10.85
1493	10.98
1494	10.31
1495	9.137
1496	14.88
1497	7.438
1498	17.71
1499	14.09
1500	11.67
1001	7.252
1002	9.581
1003	-2.003
1004	7.209
1005	13.24
1006	9.111
1007	12.34
1008	17.17
1009	9.772
1010	26.27
1011	11.99
1012	13.57
1013	15.58
1014	15.75
1015	14.48
1016	14.78
1017	14.56
1018	-2.856
1019	-14.31
1020	-2.433
1021	-7.562
1022	6.503
1023	8.151
1024	15.04
1025	9.103
1026	4.578
1027	5.008
1028	21.2
1029	5.125
1030	3.689
1031	2.035
1032	14.42
1033	5.464
1034	-11.57
1035	18.51
1036	6.012
1037	-5.153
1038	-1.122
1039	11.81
1040	5.448
1041	20.58
1042	1.888
1043	9.311
1044	3.075
1045	3.953
1046	8.841
1047	34.29
1048	21.26
1049	-5.617
1050	9.093
1051	5.588
1052	0.6244
1053	12.39
1054	6.213
1055	3.676
1056	5.706
1057	12.42
1058	-21.38
1059	1.108
1060	7.023
1061	7.832
1062	-1.602
1063	2.955
1064	11.0
1065	5.628
1066	6.092
1067	0.4282
1068	7.621
1069	4.525
1070	5.409
1071	8.48
1072	3.257
1073	7.809
1074	8.653
1075	20.81
1076	-21.72
1077	14.48
1078	1.836
1079	16.22
1080	7.885
1081	26.13
1082	-1.664
1083	2.325
1084	9.102
1085	13.14
1086	0.8649
1087	29.31
1088	3.409
1089	2.097
1090	40.06
1091	3.358
1092	8.583
1093	4.726
1094	18.61
1095	41.89
1096	5.524
1097	5.758
1098	24.33
1099	8.361
1100	5.89
1101	5.507
1102	2.893
1103	5.341
1104	2.68
1105	3.921
1106	5.741
1107	7.553
1108	6.19
1109	5.82
1110	4.915
1111	5.131
1112	5.475
1113	5.736
1114	6.168
1115	4.971
1116	4.593
1117	7.286
1118	10.8
1119	0.01538
1120	17.44
1121	4.59
1122	5.558
1123	5.04
1124	16.74
1125	8.979
1126	18.56
1127	6.863
1128	2.812
1129	4.859
1130	20.51
1131	5.749
1132	14.21
1133	17.17
1134	15.86
1135	13.29
1136	12.12
1137	13.16
1138	22.7
1139	10.7
1140	-1.305
1141	6.485
1142	8.0
1143	11.9
1144	11.61
1145	9.568
1146	-7.128
1147	17.73
1148	6.753
1149	2.757
1150	6.021
1151	5.307
1152	1.073
1153	10.12
1154	6.439
1155	11.18
1156	5.233
1157	10.25
1158	10.61
1159	13.84
1160	9.773
1161	10.06
1162	9.832
1163	9.837
1164	9.118
1165	7.847
1166	3.248
1167	12.69
1168	15.89
1169	6.783
1170	6.853
1171	3.13
1172	11.39
1173	14.76
1174	10.09
1175	17.14
1176	6.279
1177	1.638
1178	9.357
1179	18.37
1180	8.944
1181	-1.919
1182	7.641
1183	5.387
1184	5.202
1185	7.62
1186	14.73
1187	15.67
1188	14.68
1189	7.899
1190	12.7
1191	3.402
1192	3.133
1193	9.445
1194	11.49
1195	5.064
1196	14.09
1197	-2.132
1198	6.053
1199	9.049
1200	12.33
1201	7.911
1202	10.35
1203	-1.877
1204	9.295
1205	4.087
1206	4.575
1207	4.545
1208	4.63
1209	4.336
1210	3.909
1211	4.045
1212	4.476
1213	0.9182
1214	2.306
1215	2.777
1216	24.54
1217	4.016
1218	-3.654
1219	6.09
1220	8.647
1221	4.494
1222	16.12
1223	7.19
1224	-0.9767
1225	18.46
1226	4.539
1227	4.811
1228	8.257
1229	7.664
1230	6.38
1231	7.69
1232	13.25
1233	7.569
1234	11.16
1235	4.445
1236	9.531
1237	7.746
1238	5.164
1239	10.8
1240	15.89
1241	12.01
1242	30.21
1243	5.087
1244	10.03
1245	-0.5738
1246	12.57
1247	21.59
1248	0.8468
1249	28.44
1250	5.374
1251	12.09
1252	-6.704
1253	1.037
1254	17.27
1255	7.114
1256	7.035
1257	5.931
1258	6.88
1259	9.196
1260	-5.511
1261	2.926
1262	13.64
1263	13.5
1264	9.116
1265	9.09
1266	2.591
1267	20.77
1268	11.78
1269	1.34
1270	8.174
1271	-4.453
1272	-6.135
1273	2.299
1274	-1.226
1275	5.576
1276	0.8295
1277	22.02
1278	3.802
1279	3.469
1280	12.52
1281	16.52
1282	13.85
1283	14.26
1284	13.8
1285	13.37
1286	12.21
1287	21.19
1288	14.09
1289	12.13
1290	8.67
1291	11.55
1292	8.387
1293	8.472
1294	8.779
1295	9.027
1296	7.915
1297	8.336
1298	7.226
1299	7.107
1300	7.036
1301	5.932
1302	5.105
1303	4.86
1304	1.808
1305	13.7
1306	15.16
1307	6.149
1308	5.927
1309	13.12
1310	15.63
1311	0.01461
1312	23.11
1313	9.214
1314	15.53
1315	-5.649
1316	20.41
1317	15.47
1318	9.571
1319	-5.12
1320	20.78
1321	1.093
1322	-5.511
1323	9.051
1324	15.99
1325	17.7
1326	13.57
1327	3.051
1328	22.78
1329	4.887
1330	27.92
1331	-5.793
1332	13.45
1333	11.3
1334	19.04
1335	-4.95
1336	-1.302
1337	4.639
1338	6.017
1339	4.27
1340	8.179
1341	14.48
1342	19.35
1343	16.82
1344	16.48
1345	8.974
1346	7.343
1347	11.6
1348	3.202
1349	-12.38
1350	3.667
1351	5.392
1352	-3.349
1353	-3.298
1354	10.58
1355	16.17
1356	6.949
1357	4.469
1358	6.031
1359	4.442
1360	4.946
1361	4.703
1362	4.763
1363	5.431
1364	3.838
1365	0.787
1366	5.307
1367	19.82
1368	0.7304
1369	17.89
1370	14.6
1371	3.64
1372	5.945
1373	13.66
1374	18.42
1375	11.31
1376	5.194
1377	13.89
1378	12.56
1379	17.37
1380	8.165
1381	5.635
1382	1.434
1383	6.97
1384	-12.11
1385	21.46
1386	6.086
1387	6.349
1388	9.707
1389	43.88
1390	11.65
1391	5.346
1392	17.04
1393	18.17
1394	11.4
1395	6.03
1396	5.584
1397	0.8957
1398	5.604
1399	10.59
1400	-0.3628
1401	16.2
1402	11.37
1403	13.93
1404	7.624
1405	-5.251
1406	9.32
1407	12.56
1408	3.546
1409	7.696
1410	0.01089
1411	4.341
1412	-4.203
1413	9.161
1414	16.04
1415	-4.221
1416	11.69
1417	14.66
1418	2.348
1419	5.401
1420	4.245
1421	6.805
1422	-16.32
1423	2.726
1424	26.41
1425	4.206
1426	11.16
1427	10.4
1428	9.961
1429	14.64
1430	4.98
1431	17.07
1432	3.628
1433	18.11
1434	13.98
1435	19.24
1436	4.372
1437	8.642
1438	2.549
1439	2.768
1440	9.454
1441	11.53
1442	5.547
1443	12.97
1444	12.34
1445	0.8144
1446	13.89
1447	14.93
1448	15.61
1449	3.057
1450	8.679
1451	1.402
1452	13.64
1453	8.728
1454	11.79
1455	4.382
1456	19.54
1457	12.93
1458	20.61
1459	2.863
1460	12.54
1461	13.87
1462	13.04
1463	12.12
1464	15.82
1465	16.17
1466	0.01578
1467	2.132
1468	3.224
1469	9.858
1470	10.83
1471	17.62
1472	1.517
1473	5.891
1474	3.954
1475	13.82
1476	6.77
1477	6.021
1478	-3.921
1479	10.24
1480	3.221
1481	13.82
1482	14.75
1483	10.54
1484	10.9
1485	5.295
1486	5.6
1487	5.386
1488	9.884
1489	2.198
1490	-7.133
1491	5.25
1492	10.78
1493	9.495
1494	7.399
1495	1.144
1496	15.73
1497	-10.68
1498	10.94
1499	-1.04
1500	34.14
