1001	7.468
1002	4.247
1003	8.976
1004	10.26
1005	10.38
1006	13.37
1007	10.78
1008	11.38
1009	-3.619
1010	6.491
1011	15.68
1012	11.63
1013	-3.054
1014	4.509
1015	-0.9868
1016	14.94
1017	9.23
1018	11.59
1019	12.14
1020	7.581
1021	6.883
1022	6.198
1023	10.57
1024	8.318
1025	13.38
1026	7.872
1027	7.762
1028	10.46
1029	0.9942
1030	1.451
1031	4.677
1032	18.38
1033	8.436
1034	20.04
1035	-2.839
1036	6.073
1037	-1.822
1038	15.63
1039	10.66
1040	10.95
1041	6.267
1042	1.097
1043	18.03
1044	9.592
1045	15.0
1046	18.15
1047	5.362
1048	-2.858
1049	4.909
1050	5.324
1051	14.58
1052	12.98
1053	5.029
1054	2.968
1055	5.561
1056	10.38
1057	4.657
1058	3.342
1059	18.34
1060	8.175
1061	7.241
1062	9.536
1063	7.08
1064	5.871
1065	-1.539
1066	-1.17
1067	-1.603
1068	3.964
1069	10.89
1070	15.81
1071	15.38
1072	15.95
1073	17.3
1074	9.766
1075	13.91
1076	1.019
1077	3.671
1078	13.48
1079	9.307
1080	5.545
1081	7.006
1082	4.807
1083	4.845
1084	4.822
1085	4.829
1086	4.723
1087	4.607
1088	4.617
1089	1.686
1090	5.924
1091	6.461
1092	8.226
1093	9.221
1094	6.696
1095	7.589
1096	9.279
1097	13.34
1098	11.03
1099	14.72
1100	10.36
1101	5.377
1102	4.808
1103	3.955
1104	7.681
1105	-0.3377
1106	5.173
1107	2.57
1108	-3.15
1109	3.871
1110	6.033
1111	5.097
1112	9.69
1113	3.207
1114	0.1767
1115	11.9
1116	13.72
1117	9.578
1118	9.724
1119	7.028
1120	5.523
1121	12.32
1122	1.661
1123	4.783
1124	7.847
1125	2.507
1126	-0.1159
1127	22.57
1128	5.838
1129	11.04
1130	6.108
1131	13.05
1132	9.996
1133	22.02
1134	13.64
1135	5.003
1136	9.849
1137	9.89
1138	5.708
1139	16.81
1140	0.9209
1141	2.767
1142	7.023
1143	13.83
1144	10.47
1145	-0.2533
1146	3.783
1147	10.9
1148	-3.005
1149	16.08
1150	11.44
1151	14.22
1152	9.083
1153	11.62
1154	2.411
1155	14.63
1156	-1.629
1157	10.56
1158	0.7581
1159	5.927
1160	5.179
1161	4.378
1162	7.456
1163	12.89
1164	6.398
1165	9.941
1166	6.211
1167	0.6335
1168	2.504
1169	16.97
1170	6.331
1171	15.36
1172	7.279
1173	3.671
1174	12.96
1175	8.482
1176	7.132
1177	0.8878
1178	2.358
1179	7.442
1180	6.089
1181	11.11
1182	11.42
1183	9.757
1184	5.138
1185	4.595
1186	16.09
1187	5.466
1188	11.42
1189	11.1
1190	7.379
1191	13.48
1192	10.86
1193	7.093
1194	-3.964
1195	4.187
1196	9.493
1197	5.747
1198	16.36
1199	10.07
1200	6.273
1201	9.357
1202	13.17
1203	12.16
1204	14.47
1205	8.849
1206	1.911
1207	5.994
1208	13.82
1209	0.1189
1210	6.199
1211	6.181
1212	8.207
1213	8.111
1214	11.88
1215	9.374
1216	7.331
1217	9.945
1218	5.847
1219	5.155
1220	6.058
1221	13.1
1222	-2.797
1223	-0.1316
1224	4.521
1225	3.396
1226	3.531
1227	2.798
1228	1.93
1229	11.19
1230	13.04
1231	12.88
1232	12.64
1233	6.893
1234	9.986
1235	5.088
1236	5.217
1237	4.547
1238	12.51
1239	4.943
1240	9.051
1241	3.606
1242	6.172
1243	1.638
1244	6.142
1245	7.565
1246	1.102
1247	2.185
1248	0.3432
1249	6.225
1250	1.823
1251	3.368
1252	3.102
1253	7.256
1254	2.127
1255	9.557
1256	10.68
1257	7.934
1258	7.713
1259	5.545
1260	-2.891
1261	2.788
1262	1.074
1263	0.4556
1264	0.5298
1265	0.259
1266	-0.7036
1267	4.384
1268	8.695
1269	10.29
1270	13.99
1271	4.452
1272	16.48
1273	-1.279
1274	7.726
1275	0.391
1276	18.22
1277	10.69
1278	4.758
1279	5.842
1280	-14.27
1281	10.57
1282	11.32
1283	6.565
1284	-4.414
1285	9.901
1286	9.097
1287	10.94
1288	4.881
1289	3.436
1290	11.11
1291	1.502
1292	10.28
1293	9.164
1294	5.087
1295	3.046
1296	2.658
1297	3.175
1298	4.217
1299	7.949
1300	6.436
1301	7.362
1302	11.35
1303	8.231
1304	9.361
1305	9.156
1306	5.41
1307	11.15
1308	2.499
1309	7.447
1310	9.511
1311	-10.85
1312	15.74
1313	18.33
1314	13.93
1315	1.709
1316	10.31
1317	11.42
1318	-0.9251
1319	13.67
1320	5.031
1321	-0.4282
1322	16.52
1323	3.353
1324	7.0
1325	4.644
1326	10.47
1327	2.042
1328	4.97
1329	5.137
1330	4.88
1331	4.778
1332	4.635
1333	4.265
1334	8.862
1335	12.53
1336	13.4
1337	4.108
1338	4.836
1339	6.37
1340	3.022
1341	3.451
1342	-0.01671
1343	13.04
1344	-0.1984
1345	3.306
1346	15.67
1347	2.972
1348	12.39
1349	1.03
1350	6.627
1351	7.419
1352	3.664
1353	0.2902
1354	-0.05493
1355	1.83
1356	2.075
1357	-1.306
1358	-0.3002
1359	0.06882
1360	-0.3814
1361	12.53
1362	9.073
1363	10.14
1364	16.68
1365	9.011
1366	11.65
1367	8.674
1368	13.03
1369	8.256
1370	6.565
1371	1.67
1372	4.978
1373	9.471
1374	8.836
1375	13.95
1376	2.799
1377	16.89
1378	13.35
1379	10.37
1380	-0.7833
1381	13.86
1382	14.44
1383	13.96
1384	15.07
1385	4.937
1386	5.81
1387	5.668
1388	8.69
1389	8.737
1390	6.682
1391	6.579
1392	6.624
1393	7.499
1394	6.879
1395	5.784
1396	12.54
1397	16.02
1398	5.973
1399	7.558
1400	4.686
1401	4.956
1402	6.77
1403	9.465
1404	9.76
1405	11.64
1406	7.265
1407	6.976
1408	-2.02
1409	19.53
1410	12.07
1411	9.595
1412	7.061
1413	3.407
1414	12.14
1415	0.7638
1416	9.184
1417	8.788
1418	10.2
1419	10.09
1420	0.4668
1421	2.971
1422	1.109
1423	13.41
1424	17.67
1425	11.79
1426	7.906
1427	6.243
1428	6.78
1429	8.518
1430	2.24
1431	3.265
1432	5.589
1433	5.072
1434	10.69
1435	9.455
1436	13.12
1437	5.323
1438	10.65
1439	9.106
1440	-4.049
1441	1.49
1442	4.53
1443	4.032
1444	4.448
1445	4.669
1446	6.038
1447	5.806
1448	6.224
1449	8.09
1450	5.728
1451	3.279
1452	5.942
1453	3.728
1454	15.07
1455	9.955
1456	9.803
1457	5.338
1458	5.822
1459	8.79
1460	5.983
1461	6.679
1462	8.301
1463	1.415
1464	8.141
1465	1.491
1466	6.576
1467	5.977
1468	11.3
1469	10.89
1470	13.96
1471	6.958
1472	7.134
1473	-0.1558
1474	6.327
1475	8.148
1476	9.14
1477	8.626
1478	10.24
1479	7.577
1480	17.95
1481	-0.3902
1482	7.719
1483	-0.3713
1484	-0.389
1485	4.923
1486	3.367
1487	8.253
1488	11.94
1489	6.753
1490	9.072
1491	12.89
1492	12.83
1493	13.08
1494	8.104
1495	8.04
1496	9.764
1497	-0.2087
1498	19.91
1499	3.582
1500	7.746
1001	12.1
1002	2.905
1003	2.24
1004	4.785
1005	3.701
1006	2.13
1007	0.9769
1008	1.988
1009	15.29
1010	7.793
1011	7.101
1012	5.244
1013	13.33
1014	6.152
1015	16.94
1016	12.06
1017	3.017
1018	1.553
1019	0.7855
1020	7.753
1021	0.9563
1022	1.519
1023	9.178
1024	10.55
1025	13.43
1026	29.38
1027	6.548
1028	10.3
1029	25.94
1030	8.377
1031	12.3
1032	25.14
1033	5.998
1034	9.684
1035	27.21
1036	10.77
1037	9.978
1038	8.766
1039	3.901
1040	6.531
1041	12.22
1042	4.922
1043	13.28
1044	5.597
1045	3.031
1046	10.44
1047	13.18
1048	6.835
1049	6.718
1050	12.54
1051	3.387
1052	6.806
1053	5.375
1054	5.72
1055	19.55
1056	10.2
1057	12.27
1058	9.536
1059	2.802
1060	4.709
1061	9.826
1062	15.39
1063	3.111
1064	2.785
1065	1.29
1066	0.9661
1067	2.746
1068	4.123
1069	3.94
1070	1.39
1071	0.5222
1072	5.014
1073	4.727
1074	12.98
1075	10.95
1076	30.04
1077	5.966
1078	4.552
1079	1.482
1080	1.345
1081	3.036
1082	0.2335
1083	0.08786
1084	0.01238
1085	0.1408
1086	0.09561
1087	0.2708
1088	0.1112
1089	2.785
1090	0.7636
1091	0.803
1092	1.005
1093	1.052
1094	5.245
1095	14.7
1096	3.261
1097	2.756
1098	2.431
1099	3.992
1100	8.833
1101	9.399
1102	3.513
1103	1.477
1104	8.139
1105	4.52
1106	6.579
1107	5.8
1108	0.5742
1109	5.842
1110	4.371
1111	7.925
1112	7.884
1113	17.68
1114	12.85
1115	9.278
1116	2.241
1117	4.611
1118	2.644
1119	6.295
1120	2.653
1121	5.226
1122	5.117
1123	7.671
1124	6.381
1125	5.878
1126	2.913
1127	22.62
1128	4.612
1129	5.107
1130	19.25
1131	7.041
1132	12.8
1133	14.09
1134	16.65
1135	4.82
1136	13.6
1137	8.957
1138	28.52
1139	13.05
1140	11.8
1141	4.334
1142	3.988
1143	9.183
1144	6.681
1145	20.58
1146	7.889
1147	7.223
1148	7.964
1149	4.018
1150	0.73
1151	2.918
1152	8.404
1153	4.797
1154	2.534
1155	9.25
1156	6.059
1157	10.71
1158	9.45
1159	7.182
1160	0.7435
1161	2.504
1162	0.983
1163	7.311
1164	2.467
1165	0.5505
1166	5.728
1167	19.66
1168	9.4
1169	10.28
1170	10.33
1171	11.19
1172	12.3
1173	3.255
1174	1.824
1175	1.657
1176	1.614
1177	2.525
1178	1.11
1179	2.46
1180	7.895
1181	7.654
1182	5.444
1183	5.7
1184	5.312
1185	9.143
1186	9.047
1187	4.904
1188	4.639
1189	5.016
1190	6.999
1191	2.573
1192	3.706
1193	9.931
1194	4.012
1195	0.6515
1196	13.95
1197	6.781
1198	3.394
1199	6.499
1200	17.19
1201	18.74
1202	9.098
1203	7.507
1204	6.196
1205	10.02
1206	23.47
1207	11.46
1208	10.56
1209	5.317
1210	3.515
1211	1.437
1212	1.395
1213	1.089
1214	1.549
1215	3.269
1216	9.57
1217	8.607
1218	9.141
1219	5.205
1220	7.615
1221	14.65
1222	17.76
1223	3.587
1224	0.6007
1225	0.675
1226	0.8774
1227	2.472
1228	4.353
1229	4.809
1230	0.6055
1231	0.5007
1232	0.619
1233	2.589
1234	1.31
1235	9.79
1236	5.618
1237	13.35
1238	5.913
1239	3.589
1240	2.551
1241	8.148
1242	4.707
1243	7.888
1244	3.824
1245	5.092
1246	6.11
1247	2.596
1248	1.92
1249	1.631
1250	1.345
1251	0.5048
1252	0.7888
1253	1.764
1254	2.381
1255	21.78
1256	9.187
1257	7.196
1258	10.76
1259	19.33
1260	13.32
1261	2.676
1262	1.387
1263	0.1972
1264	0.2211
1265	0.446
1266	0.2752
1267	4.43
1268	6.884
1269	7.024
1270	9.116
1271	5.456
1272	12.8
1273	21.37
1274	6.494
1275	6.371
1276	14.26
1277	4.881
1278	3.057
1279	4.661
1280	13.77
1281	3.167
1282	4.006
1283	5.132
1284	13.87
1285	5.069
1286	6.006
1287	3.082
1288	4.423
1289	2.108
1290	4.3
1291	12.56
1292	4.576
1293	2.785
1294	0.8597
1295	0.6539
1296	0.2999
1297	1.019
1298	1.768
1299	8.185
1300	8.102
1301	5.683
1302	15.76
1303	1.14
1304	1.065
1305	3.441
1306	8.358
1307	13.52
1308	6.55
1309	1.661
1310	2.127
1311	9.902
1312	3.862
1313	3.371
1314	3.274
1315	7.092
1316	11.24
1317	4.381
1318	6.308
1319	5.774
1320	5.091
1321	7.628
1322	6.272
1323	6.617
1324	12.2
1325	10.74
1326	15.0
1327	8.831
1328	0.4218
1329	0.8912
1330	0.1719
1331	0.08498
1332	0.5453
1333	0.6071
1334	2.835
1335	1.518
1336	1.875
1337	8.005
1338	7.162
1339	7.25
1340	1.777
1341	1.384
1342	9.849
1343	5.969
1344	7.343
1345	7.526
1346	10.1
1347	5.833
1348	4.076
1349	1.733
1350	2.038
1351	3.766
1352	3.005
1353	17.68
1354	3.048
1355	0.3329
1356	0.8652
1357	1.115
1358	1.808
1359	0.5889
1360	1.506
1361	4.955
1362	5.238
1363	4.432
1364	6.091
1365	10.35
1366	7.689
1367	3.072
1368	1.693
1369	7.983
1370	7.783
1371	8.941
1372	3.674
1373	10.84
1374	5.896
1375	10.82
1376	16.05
1377	4.919
1378	8.925
1379	3.218
1380	7.726
1381	11.3
1382	4.433
1383	0.5909
1384	1.809
1385	2.445
1386	2.127
1387	1.319
1388	1.34
1389	0.8896
1390	0.3437
1391	0.1487
1392	0.4578
1393	0.4579
1394	0.6495
1395	4.252
1396	10.18
1397	3.464
1398	8.576
1399	13.63
1400	3.076
1401	6.234
1402	6.632
1403	1.875
1404	0.9466
1405	0.4307
1406	3.446
1407	11.65
1408	14.22
1409	25.29
1410	8.839
1411	5.324
1412	8.032
1413	3.931
1414	6.256
1415	6.356
1416	5.097
1417	12.97
1418	2.586
1419	2.061
1420	3.65
1421	3.22
1422	11.72
1423	5.603
1424	13.14
1425	2.243
1426	3.584
1427	1.728
1428	3.5
1429	2.831
1430	8.751
1431	5.044
1432	5.352
1433	10.83
1434	14.87
1435	9.389
1436	12.5
1437	10.77
1438	10.76
1439	9.585
1440	7.905
1441	12.4
1442	1.224
1443	0.4348
1444	0.4973
1445	0.06635
1446	1.402
1447	0.4226
1448	0.209
1449	1.771
1450	7.202
1451	6.939
1452	8.906
1453	15.14
1454	5.526
1455	4.923
1456	7.913
1457	1.843
1458	20.3
1459	5.153
1460	5.245
1461	1.4
1462	4.42
1463	7.554
1464	2.422
1465	3.909
1466	2.343
1467	7.168
1468	10.54
1469	3.158
1470	9.637
1471	8.954
1472	3.752
1473	2.06
1474	2.877
1475	1.322
1476	2.448
1477	0.9256
1478	2.133
1479	2.728
1480	15.37
1481	13.94
1482	4.161
1483	6.207
1484	4.807
1485	7.646
1486	5.35
1487	30.94
1488	21.28
1489	11.84
1490	9.023
1491	1.219
1492	1.468
1493	4.169
1494	14.0
1495	16.5
1496	8.334
1497	12.77
1498	35.09
1499	10.6
1500	7.425
1001	10.95
1002	6.586
1003	6.146
1004	5.773
1005	7.822
1006	10.07
1007	9.947
1008	10.7
1009	35.62
1010	19.49
1011	15.15
1012	24.17
1013	5.136
1014	2.466
1015	22.19
1016	34.8
1017	3.409
1018	11.83
1019	12.04
1020	14.39
1021	5.954
1022	7.769
1023	-1.18
1024	11.64
1025	20.49
1026	33.23
1027	9.582
1028	16.24
1029	26.03
1030	12.85
1031	18.26
1032	37.28
1033	6.769
1034	31.86
1035	36.5
1036	-0.6205
1037	10.74
1038	27.34
1039	11.62
1040	19.23
1041	33.13
1042	5.696
1043	33.29
1044	15.45
1045	15.86
1046	26.54
1047	26.49
1048	-8.06
1049	2.429
1050	20.38
1051	16.69
1052	19.3
1053	12.26
1054	6.967
1055	39.0
1056	-12.03
1057	-3.958
1058	22.6
1059	19.15
1060	12.91
1061	16.27
1062	17.58
1063	8.402
1064	5.638
1065	-0.8185
1066	-1.731
1067	0.0577
1068	2.687
1069	10.24
1070	16.44
1071	16.27
1072	15.27
1073	18.98
1074	12.81
1075	45.59
1076	29.74
1077	0.2657
1078	19.35
1079	8.338
1080	2.778
1081	9.689
1082	4.944
1083	4.802
1084	4.814
1085	4.64
1086	4.696
1087	4.854
1088	4.375
1089	2.14
1090	6.04
1091	6.001
1092	10.02
1093	8.522
1094	16.82
1095	27.11
1096	9.537
1097	11.55
1098	12.61
1099	16.1
1100	17.64
1101	15.45
1102	0.1219
1103	3.946
1104	6.713
1105	-0.785
1106	23.63
1107	2.093
1108	-2.384
1109	2.553
1110	6.115
1111	19.81
1112	21.91
1113	7.791
1114	17.68
1115	10.53
1116	16.65
1117	9.081
1118	11.12
1119	4.088
1120	3.199
1121	14.03
1122	1.897
1123	4.097
1124	13.33
1125	8.763
1126	-3.041
1127	33.24
1128	8.573
1129	3.586
1130	17.62
1131	13.35
1132	27.65
1133	30.14
1134	18.72
1135	3.91
1136	19.35
1137	17.01
1138	12.87
1139	22.0
1140	15.39
1141	8.453
1142	12.63
1143	23.22
1144	11.69
1145	11.12
1146	0.955
1147	16.58
1148	9.958
1149	16.17
1150	12.05
1151	13.42
1152	15.82
1153	10.47
1154	2.541
1155	15.55
1156	10.21
1157	-9.838
1158	12.52
1159	0.07673
1160	5.359
1161	5.315
1162	8.292
1163	25.41
1164	9.683
1165	10.06
1166	5.097
1167	16.98
1168	3.646
1169	27.18
1170	17.74
1171	12.05
1172	6.785
1173	3.334
1174	10.82
1175	8.89
1176	4.885
1177	1.029
1178	3.932
1179	8.419
1180	2.11
1181	23.1
1182	10.68
1183	15.13
1184	14.17
1185	6.976
1186	13.94
1187	11.09
1188	17.17
1189	13.24
1190	10.87
1191	13.61
1192	21.09
1193	17.28
1194	-4.488
1195	4.268
1196	16.43
1197	13.23
1198	17.35
1199	12.12
1200	28.88
1201	31.57
1202	24.01
1203	13.72
1204	10.08
1205	14.31
1206	31.8
1207	6.365
1208	19.45
1209	4.354
1210	12.04
1211	5.55
1212	10.17
1213	9.563
1214	12.78
1215	0.9076
1216	14.13
1217	23.22
1218	0.8597
1219	6.955
1220	12.64
1221	22.92
1222	14.44
1223	-0.006466
1224	4.334
1225	3.54
1226	4.634
1227	3.318
1228	5.029
1229	11.51
1230	13.81
1231	12.15
1232	12.02
1233	6.339
1234	10.49
1235	18.99
1236	-0.4559
1237	9.828
1238	25.68
1239	5.31
1240	10.06
1241	12.3
1242	2.0
1243	11.22
1244	5.674
1245	9.988
1246	7.568
1247	7.401
1248	1.768
1249	7.226
1250	0.7497
1251	2.651
1252	1.713
1253	5.203
1254	4.514
1255	52.36
1256	27.27
1257	20.02
1258	24.37
1259	22.64
1260	19.86
1261	4.774
1262	0.6758
1263	0.6689
1264	0.4386
1265	0.4342
1266	-0.5633
1267	-0.5841
1268	11.78
1269	16.9
1270	0.5553
1271	13.62
1272	30.1
1273	25.62
1274	13.89
1275	3.748
1276	29.26
1277	11.16
1278	9.348
1279	15.48
1280	17.79
1281	16.09
1282	9.05
1283	3.165
1284	4.89
1285	10.43
1286	17.8
1287	19.26
1288	6.253
1289	2.95
1290	12.19
1291	24.64
1292	9.782
1293	13.22
1294	4.738
1295	2.595
1296	2.158
1297	5.444
1298	6.068
1299	17.55
1300	14.44
1301	11.59
1302	2.441
1303	6.177
1304	9.558
1305	13.69
1306	13.29
1307	31.71
1308	7.443
1309	5.158
1310	5.922
1311	2.702
1312	20.95
1313	16.85
1314	15.75
1315	12.97
1316	20.97
1317	8.869
1318	8.575
1319	14.36
1320	-2.897
1321	-5.125
1322	13.41
1323	13.26
1324	16.52
1325	0.4817
1326	5.221
1327	8.739
1328	4.203
1329	5.528
1330	4.883
1331	4.905
1332	3.961
1333	3.507
1334	14.81
1335	13.95
1336	15.11
1337	13.01
1338	-0.898
1339	5.658
1340	4.735
1341	3.486
1342	7.331
1343	5.228
1344	9.395
1345	15.24
1346	13.9
1347	9.363
1348	5.943
1349	1.82
1350	4.692
1351	5.576
1352	-0.9341
1353	11.01
1354	1.325
1355	1.87
1356	1.287
1357	-0.7472
1358	-0.8267
1359	-0.5638
1360	-3.075
1361	10.22
1362	10.97
1363	12.29
1364	11.35
1365	20.04
1366	22.97
1367	7.327
1368	13.62
1369	13.57
1370	12.16
1371	4.355
1372	6.111
1373	19.71
1374	11.41
1375	31.32
1376	26.04
1377	27.58
1378	17.0
1379	12.31
1380	14.38
1381	13.86
1382	13.96
1383	14.58
1384	13.77
1385	1.452
1386	3.235
1387	4.644
1388	7.362
1389	7.878
1390	6.484
1391	6.522
1392	7.184
1393	7.611
1394	7.181
1395	7.246
1396	2.316
1397	11.71
1398	10.36
1399	-8.405
1400	8.893
1401	10.98
1402	14.68
1403	9.271
1404	10.01
1405	12.23
1406	5.634
1407	17.69
1408	17.5
1409	25.86
1410	19.74
1411	13.12
1412	20.19
1413	3.769
1414	15.4
1415	10.94
1416	23.05
1417	14.24
1418	10.09
1419	5.045
1420	-1.155
1421	1.291
1422	-2.223
1423	15.69
1424	15.95
1425	10.42
1426	13.84
1427	7.68
1428	7.601
1429	10.55
1430	24.86
1431	1.957
1432	2.754
1433	22.51
1434	17.68
1435	10.06
1436	29.38
1437	17.86
1438	21.48
1439	17.53
1440	3.472
1441	12.8
1442	4.348
1443	4.181
1444	4.133
1445	4.616
1446	5.06
1447	6.324
1448	6.378
1449	6.994
1450	-4.161
1451	2.545
1452	13.76
1453	13.3
1454	20.86
1455	15.96
1456	11.57
1457	4.324
1458	27.87
1459	8.638
1460	2.999
1461	6.18
1462	9.22
1463	-6.537
1464	10.7
1465	7.077
1466	8.667
1467	9.099
1468	11.55
1469	17.43
1470	27.86
1471	12.52
1472	10.64
1473	-1.434
1474	2.126
1475	8.696
1476	6.841
1477	8.372
1478	8.923
1479	4.539
1480	19.85
1481	7.945
1482	4.045
1483	3.78
1484	-1.371
1485	12.03
1486	1.606
1487	25.4
1488	-0.96
1489	17.77
1490	8.73
1491	12.94
1492	11.03
1493	10.04
1494	19.94
1495	21.78
1496	22.91
1497	2.714
1498	40.39
1499	3.077
1500	7.221
1001	20.38
1002	11.55
1003	11.77
1004	14.69
1005	8.061
1006	15.55
1007	9.009
1008	13.48
1009	6.934
1010	16.84
1011	7.272
1012	9.291
1013	-3.551
1014	3.453
1015	-0.9558
1016	6.412
1017	11.09
1018	11.64
1019	11.39
1020	4.369
1021	6.722
1022	7.792
1023	14.61
1024	17.31
1025	7.846
1026	3.841
1027	7.939
1028	12.05
1029	11.44
1030	10.11
1031	14.64
1032	13.75
1033	11.81
1034	26.4
1035	0.7124
1036	7.431
1037	1.154
1038	23.51
1039	11.08
1040	6.668
1041	17.99
1042	0.05638
1043	8.13
1044	8.306
1045	14.11
1046	10.59
1047	5.252
1048	14.09
1049	8.315
1050	3.448
1051	9.967
1052	4.673
1053	6.879
1054	10.64
1055	13.59
1056	8.337
1057	14.57
1058	11.8
1059	17.93
1060	10.49
1061	12.55
1062	16.53
1063	4.657
1064	8.021
1065	-4.109
1066	-0.2447
1067	3.411
1068	3.745
1069	10.19
1070	15.72
1071	14.9
1072	17.67
1073	9.907
1074	9.961
1075	11.77
1076	27.97
1077	8.863
1078	10.24
1079	10.41
1080	7.087
1081	4.512
1082	4.56
1083	4.874
1084	4.801
1085	4.835
1086	4.705
1087	4.362
1088	4.557
1089	3.889
1090	5.163
1091	5.588
1092	9.426
1093	8.635
1094	5.903
1095	15.05
1096	13.82
1097	17.26
1098	9.174
1099	11.64
1100	17.84
1101	5.196
1102	0.4834
1103	5.338
1104	11.81
1105	-2.87
1106	-0.6765
1107	5.504
1108	-2.917
1109	8.94
1110	10.42
1111	11.0
1112	-5.25
1113	12.96
1114	12.46
1115	6.102
1116	14.91
1117	12.13
1118	8.695
1119	7.634
1120	6.047
1121	9.064
1122	7.168
1123	14.75
1124	15.71
1125	0.4666
1126	-2.759
1127	13.35
1128	4.234
1129	20.19
1130	29.45
1131	8.434
1132	3.2
1133	14.05
1134	-1.49
1135	2.372
1136	6.42
1137	10.36
1138	1.312
1139	11.5
1140	-5.608
1141	5.381
1142	0.02697
1143	3.982
1144	13.52
1145	15.84
1146	13.24
1147	5.45
1148	0.7485
1149	12.12
1150	11.82
1151	11.55
1152	18.2
1153	17.28
1154	-0.08131
1155	15.3
1156	-0.5399
1157	15.0
1158	11.07
1159	9.943
1160	5.269
1161	5.901
1162	5.577
1163	11.83
1164	7.25
1165	10.44
1166	-0.143
1167	3.83
1168	6.288
1169	14.94
1170	0.8422
1171	23.29
1172	22.36
1173	1.293
1174	11.77
1175	8.601
1176	9.055
1177	-0.08545
1178	2.298
1179	5.166
1180	5.358
1181	10.76
1182	13.38
1183	8.033
1184	3.45
1185	1.741
1186	6.064
1187	13.65
1188	4.028
1189	7.697
1190	6.733
1191	17.94
1192	5.604
1193	2.311
1194	-1.774
1195	3.609
1196	17.38
1197	9.657
1198	17.45
1199	11.23
1200	10.42
1201	13.32
1202	19.41
1203	15.79
1204	9.461
1205	-0.1664
1206	15.63
1207	12.35
1208	4.599
1209	1.198
1210	5.101
1211	2.415
1212	7.184
1213	7.884
1214	10.52
1215	7.86
1216	13.15
1217	7.309
1218	8.944
1219	-0.1539
1220	-1.338
1221	22.07
1222	-6.214
1223	4.198
1224	3.708
1225	3.188
1226	3.811
1227	4.256
1228	15.36
1229	13.22
1230	12.45
1231	13.54
1232	13.03
1233	3.309
1234	9.15
1235	1.255
1236	5.035
1237	12.7
1238	14.54
1239	8.538
1240	7.325
1241	11.55
1242	6.207
1243	2.836
1244	10.13
1245	2.91
1246	2.403
1247	4.073
1248	-2.261
1249	7.089
1250	0.7001
1251	3.977
1252	3.858
1253	9.906
1254	7.24
1255	15.92
1256	9.208
1257	3.992
1258	15.4
1259	-14.23
1260	12.61
1261	4.24
1262	1.636
1263	0.5056
1264	0.3351
1265	0.1055
1266	-0.3973
1267	9.521
1268	7.796
1269	8.231
1270	3.108
1271	6.432
1272	11.46
1273	6.065
1274	20.78
1275	2.641
1276	20.22
1277	0.5134
1278	8.478
1279	4.926
1280	-4.665
1281	14.81
1282	10.11
1283	8.341
1284	8.618
1285	9.328
1286	7.693
1287	10.51
1288	-2.225
1289	4.457
1290	12.58
1291	5.732
1292	15.67
1293	5.621
1294	3.421
1295	3.297
1296	2.92
1297	3.461
1298	2.499
1299	2.657
1300	1.735
1301	4.289
1302	1.84
1303	8.541
1304	8.299
1305	13.4
1306	5.726
1307	22.99
1308	16.2
1309	8.284
1310	10.8
1311	-6.778
1312	15.74
1313	18.78
1314	17.8
1315	11.34
1316	18.02
1317	6.445
1318	-7.669
1319	4.087
1320	12.9
1321	-4.773
1322	13.42
1323	5.831
1324	8.684
1325	7.441
1326	5.543
1327	12.24
1328	4.557
1329	5.205
1330	4.871
1331	4.778
1332	4.133
1333	4.627
1334	8.973
1335	13.36
1336	13.39
1337	8.807
1338	0.3666
1339	9.428
1340	3.247
1341	6.336
1342	15.12
1343	8.757
1344	-2.891
1345	-12.03
1346	14.6
1347	12.15
1348	11.97
1349	1.795
1350	4.572
1351	4.294
1352	-1.869
1353	5.387
1354	-1.161
1355	2.324
1356	2.517
1357	-1.416
1358	1.401
1359	-0.1642
1360	5.565
1361	8.767
1362	15.75
1363	9.243
1364	8.864
1365	10.53
1366	11.94
1367	10.65
1368	12.94
1369	-1.281
1370	8.634
1371	-1.211
1372	4.381
1373	14.54
1374	4.699
1375	10.24
1376	17.52
1377	17.03
1378	21.23
1379	15.9
1380	-3.969
1381	21.54
1382	20.55
1383	14.44
1384	15.12
1385	0.6877
1386	8.89
1387	4.467
1388	9.253
1389	7.478
1390	7.357
1391	6.561
1392	7.243
1393	7.696
1394	8.05
1395	12.23
1396	11.56
1397	17.48
1398	7.728
1399	14.23
1400	1.978
1401	1.202
1402	14.66
1403	9.9
1404	10.93
1405	12.13
1406	4.708
1407	10.67
1408	6.113
1409	1.879
1410	8.274
1411	9.278
1412	7.929
1413	3.458
1414	6.915
1415	-5.531
1416	-1.596
1417	13.99
1418	9.712
1419	6.986
1420	6.095
1421	5.53
1422	8.954
1423	5.531
1424	11.07
1425	6.205
1426	7.378
1427	4.495
1428	6.512
1429	8.161
1430	0.3408
1431	5.661
1432	10.22
1433	3.535
1434	10.11
1435	2.839
1436	-1.501
1437	11.57
1438	5.027
1439	14.41
1440	-7.613
1441	15.32
1442	3.521
1443	3.925
1444	4.512
1445	4.698
1446	7.356
1447	6.403
1448	6.545
1449	12.38
1450	-2.926
1451	-1.529
1452	-2.534
1453	18.63
1454	11.23
1455	11.12
1456	13.94
1457	6.181
1458	5.6
1459	15.26
1460	9.816
1461	5.035
1462	6.603
1463	-2.963
1464	7.336
1465	4.707
1466	8.305
1467	7.839
1468	22.07
1469	10.88
1470	-5.671
1471	10.46
1472	9.43
1473	-0.5201
1474	0.9141
1475	11.27
1476	10.85
1477	9.78
1478	4.082
1479	4.921
1480	16.01
1481	14.16
1482	13.49
1483	-3.891
1484	-8.482
1485	-5.506
1486	-0.5799
1487	-4.971
1488	1.246
1489	12.57
1490	5.138
1491	13.48
1492	13.43
1493	12.78
1494	0.03408
1495	7.498
1496	13.23
1497	0.5825
1498	1.624
1499	8.461
1500	8.499
1001	-3.871
1002	4.722
1003	11.76
1004	-0.4995
1005	13.89
1006	12.69
1007	10.55
1008	14.94
1009	10.96
1010	1.622
1011	13.22
1012	19.96
1013	4.134
1014	8.76
1015	6.715
1016	20.51
1017	10.48
1018	11.34
1019	11.65
1020	0.2549
1021	7.608
1022	7.93
1023	-11.79
1024	9.145
1025	21.69
1026	9.018
1027	10.45
1028	-2.362
1029	-6.511
1030	2.985
1031	25.25
1032	6.263
1033	10.5
1034	3.723
1035	-17.17
1036	19.68
1037	9.803
1038	6.825
1039	13.46
1040	3.671
1041	10.65
1042	5.848
1043	-6.156
1044	0.3259
1045	12.87
1046	17.36
1047	5.855
1048	-2.587
1049	-3.034
1050	-11.79
1051	17.1
1052	16.52
1053	-4.971
1054	-6.715
1055	-2.0
1056	9.999
1057	10.75
1058	2.646
1059	20.81
1060	11.97
1061	-1.608
1062	-3.713
1063	9.414
1064	3.688
1065	-1.639
1066	-1.011
1067	3.617
1068	-0.712
1069	11.57
1070	15.72
1071	15.36
1072	9.738
1073	10.84
1074	13.52
1075	2.778
1076	-14.96
1077	3.04
1078	13.05
1079	7.446
1080	7.249
1081	6.513
1082	4.399
1083	4.952
1084	4.814
1085	4.702
1086	4.776
1087	4.452
1088	4.632
1089	-1.685
1090	6.839
1091	6.605
1092	9.078
1093	10.66
1094	14.5
1095	21.39
1096	10.9
1097	13.83
1098	7.017
1099	9.388
1100	-6.339
1101	11.56
1102	4.609
1103	4.168
1104	12.22
1105	7.055
1106	-0.4942
1107	-10.77
1108	-3.117
1109	3.942
1110	4.442
1111	1.193
1112	2.587
1113	12.84
1114	-17.83
1115	15.41
1116	15.25
1117	12.05
1118	6.343
1119	11.01
1120	3.33
1121	13.26
1122	-1.563
1123	11.7
1124	4.173
1125	-6.991
1126	-0.2691
1127	-5.734
1128	6.474
1129	13.16
1130	-3.423
1131	15.13
1132	10.95
1133	-8.802
1134	5.378
1135	1.347
1136	12.1
1137	19.11
1138	2.175
1139	22.55
1140	9.952
1141	1.36
1142	10.31
1143	10.48
1144	0.9377
1145	-11.61
1146	-5.962
1147	10.74
1148	2.859
1149	14.34
1150	11.13
1151	15.17
1152	10.28
1153	9.559
1154	3.731
1155	0.5299
1156	-6.864
1157	10.55
1158	-2.837
1159	1.213
1160	5.001
1161	3.758
1162	7.71
1163	2.238
1164	5.098
1165	9.232
1166	1.763
1167	0.2848
1168	-17.06
1169	15.2
1170	8.283
1171	10.27
1172	7.387
1173	5.977
1174	13.16
1175	6.219
1176	9.84
1177	4.787
1178	2.18
1179	6.177
1180	6.933
1181	4.345
1182	11.71
1183	5.901
1184	10.48
1185	6.555
1186	11.64
1187	1.375
1188	6.954
1189	15.26
1190	-3.981
1191	7.664
1192	9.849
1193	1.941
1194	-9.446
1195	3.705
1196	-13.69
1197	2.636
1198	18.53
1199	-5.753
1200	9.789
1201	15.54
1202	10.28
1203	24.35
1204	14.6
1205	-0.843
1206	23.81
1207	-2.559
1208	7.374
1209	2.952
1210	5.147
1211	6.975
1212	9.061
1213	10.73
1214	14.54
1215	6.183
1216	-5.515
1217	2.338
1218	6.95
1219	-0.2969
1220	-9.507
1221	-3.408
1222	3.103
1223	-4.572
1224	4.163
1225	2.72
1226	2.196
1227	1.306
1228	-0.9296
1229	14.85
1230	12.81
1231	12.39
1232	12.46
1233	9.964
1234	10.34
1235	7.019
1236	9.708
1237	-4.08
1238	8.242
1239	3.015
1240	6.348
1241	0.6775
1242	6.712
1243	8.183
1244	5.72
1245	6.894
1246	1.041
1247	-0.9314
1248	-1.894
1249	4.882
1250	1.834
1251	3.223
1252	2.693
1253	6.092
1254	1.141
1255	4.463
1256	9.989
1257	-1.395
1258	-15.09
1259	15.86
1260	7.977
1261	3.414
1262	-0.3579
1263	0.4479
1264	0.5237
1265	0.08887
1266	-1.113
1267	-2.112
1268	14.96
1269	0.06253
1270	20.48
1271	4.101
1272	11.22
1273	3.839
1274	9.596
1275	-3.6
1276	-5.723
1277	9.966
1278	6.28
1279	0.3638
1280	-28.06
1281	8.499
1282	5.515
1283	-0.9358
1284	3.295
1285	10.19
1286	7.447
1287	9.523
1288	2.164
1289	4.167
1290	6.542
1291	0.02394
1292	12.21
1293	6.765
1294	5.003
1295	3.315
1296	3.31
1297	3.635
1298	3.409
1299	5.834
1300	6.227
1301	6.576
1302	3.573
1303	8.599
1304	9.76
1305	15.16
1306	-7.349
1307	16.33
1308	1.216
1309	9.817
1310	10.02
1311	10.22
1312	23.29
1313	19.36
1314	14.37
1315	2.376
1316	17.87
1317	10.78
1318	-1.252
1319	9.152
1320	9.426
1321	0.8736
1322	11.66
1323	5.534
1324	0.002379
1325	-5.168
1326	18.96
1327	-1.823
1328	5.297
1329	4.662
1330	5.332
1331	4.719
1332	4.476
1333	4.576
1334	8.96
1335	10.74
1336	14.61
1337	0.7766
1338	-1.922
1339	7.995
1340	1.097
1341	4.136
1342	17.03
1343	11.07
1344	-6.565
1345	10.22
1346	17.28
1347	12.61
1348	21.46
1349	-0.6764
1350	6.908
1351	10.63
1352	10.53
1353	-26.23
1354	2.297
1355	2.425
1356	3.308
1357	-1.261
1358	-0.009924
1359	-0.1776
1360	0.4684
1361	6.176
1362	-1.226
1363	7.309
1364	15.36
1365	5.855
1366	4.62
1367	6.021
1368	9.735
1369	8.401
1370	8.371
1371	-1.374
1372	8.149
1373	-19.01
1374	15.66
1375	-8.941
1376	-16.11
1377	15.51
1378	-5.013
1379	7.193
1380	4.473
1381	3.566
1382	10.39
1383	12.33
1384	17.28
1385	1.652
1386	4.384
1387	4.688
1388	7.479
1389	8.858
1390	6.518
1391	6.403
1392	6.527
1393	7.45
1394	6.083
1395	-1.213
1396	20.38
1397	9.303
1398	12.95
1399	1.224
1400	3.723
1401	7.355
1402	8.997
1403	9.237
1404	9.225
1405	11.2
1406	11.2
1407	10.19
1408	-16.86
1409	5.6
1410	-0.2725
1411	9.443
1412	5.039
1413	-2.635
1414	14.29
1415	2.349
1416	8.263
1417	29.38
1418	7.488
1419	5.422
1420	-2.428
1421	3.894
1422	15.54
1423	13.25
1424	16.43
1425	13.25
1426	8.853
1427	7.214
1428	3.137
1429	7.888
1430	-0.2495
1431	2.537
1432	0.5307
1433	5.968
1434	5.523
1435	16.39
1436	0.7397
1437	-8.93
1438	-3.405
1439	4.591
1440	1.321
1441	-5.638
1442	2.907
1443	4.724
1444	3.993
1445	4.489
1446	7.088
1447	5.962
1448	6.162
1449	9.199
1450	5.923
1451	10.04
1452	-5.827
1453	4.967
1454	12.36
1455	11.3
1456	-8.612
1457	2.739
1458	-6.35
1459	1.905
1460	-0.03027
1461	5.288
1462	12.04
1463	6.045
1464	11.13
1465	-0.8753
1466	4.875
1467	-7.062
1468	20.6
1469	11.9
1470	17.46
1471	12.31
1472	4.311
1473	-2.156
1474	4.417
1475	8.584
1476	10.1
1477	9.935
1478	9.43
1479	7.568
1480	25.74
1481	12.34
1482	8.004
1483	-7.161
1484	5.724
1485	10.61
1486	2.914
1487	-1.733
1488	11.38
1489	4.942
1490	3.48
1491	11.35
1492	15.42
1493	7.462
1494	-0.6327
1495	5.612
1496	9.933
1497	12.17
1498	-14.43
1499	-3.684
1500	11.55
1001	13.65
1002	3.992
1003	13.43
1004	6.657
1005	7.128
1006	13.71
1007	11.1
1008	11.89
1009	12.18
1010	8.485
1011	10.09
1012	14.14
1013	-3.732
1014	8.274
1015	7.061
1016	9.442
1017	8.521
1018	10.89
1019	11.29
1020	6.512
1021	6.602
1022	4.055
1023	7.953
1024	-5.275
1025	13.03
1026	11.91
1027	-1.328
1028	20.46
1029	-9.527
1030	9.503
1031	5.022
1032	13.77
1033	9.626
1034	27.55
1035	11.66
1036	-9.039
1037	10.82
1038	20.94
1039	9.474
1040	10.46
1041	13.58
1042	-3.771
1043	21.83
1044	6.298
1045	13.24
1046	20.81
1047	7.35
1048	0.2771
1049	9.638
1050	6.621
1051	12.47
1052	9.855
1053	-1.741
1054	8.643
1055	0.702
1056	12.41
1057	8.507
1058	5.487
1059	16.65
1060	4.741
1061	3.453
1062	4.877
1063	0.5581
1064	8.835
1065	0.2376
1066	-1.609
1067	-6.204
1068	9.058
1069	6.765
1070	14.74
1071	14.02
1072	19.54
1073	19.94
1074	3.724
1075	9.233
1076	7.67
1077	10.78
1078	15.02
1079	10.14
1080	5.517
1081	6.001
1082	4.726
1083	4.889
1084	4.83
1085	4.518
1086	4.563
1087	4.82
1088	4.348
1089	-0.524
1090	7.191
1091	6.543
1092	8.684
1093	8.418
1094	9.013
1095	20.52
1096	7.793
1097	10.76
1098	6.493
1099	18.19
1100	4.377
1101	0.4789
1102	0.9902
1103	4.044
1104	8.815
1105	3.136
1106	3.641
1107	0.4954
1108	-4.542
1109	4.919
1110	9.265
1111	8.538
1112	2.549
1113	10.69
1114	-3.347
1115	10.31
1116	13.24
1117	6.269
1118	10.42
1119	8.646
1120	2.777
1121	9.393
1122	10.47
1123	15.37
1124	6.916
1125	1.25
1126	-4.708
1127	24.29
1128	-2.134
1129	7.984
1130	-6.122
1131	10.76
1132	9.978
1133	18.19
1134	-2.044
1135	9.789
1136	9.206
1137	0.896
1138	28.76
1139	7.009
1140	0.05502
1141	4.931
1142	7.436
1143	12.44
1144	8.794
1145	16.82
1146	-5.019
1147	6.028
1148	-2.076
1149	12.92
1150	10.27
1151	12.75
1152	1.699
1153	14.19
1154	0.5062
1155	8.512
1156	3.621
1157	3.85
1158	0.7712
1159	13.92
1160	5.442
1161	7.311
1162	8.33
1163	5.938
1164	10.98
1165	9.997
1166	13.4
1167	14.85
1168	10.59
1169	24.25
1170	10.54
1171	16.22
1172	10.13
1173	-2.368
1174	10.73
1175	7.341
1176	8.743
1177	0.3406
1178	2.974
1179	9.695
1180	13.12
1181	16.92
1182	1.17
1183	9.341
1184	8.852
1185	24.3
1186	30.3
1187	12.04
1188	13.66
1189	8.233
1190	12.61
1191	11.06
1192	5.286
1193	5.657
1194	-4.607
1195	3.946
1196	23.41
1197	7.488
1198	18.07
1199	12.68
1200	14.65
1201	-0.3597
1202	18.97
1203	7.934
1204	7.374
1205	9.495
1206	5.184
1207	0.8972
1208	19.0
1209	1.116
1210	1.36
1211	7.854
1212	8.776
1213	7.199
1214	11.2
1215	12.89
1216	2.056
1217	11.03
1218	11.19
1219	10.51
1220	12.07
1221	18.02
1222	-1.826
1223	3.383
1224	4.589
1225	2.796
1226	3.857
1227	-0.3028
1228	2.035
1229	16.22
1230	12.51
1231	12.28
1232	12.41
1233	4.13
1234	8.676
1235	9.143
1236	2.048
1237	11.27
1238	10.58
1239	11.53
1240	4.029
1241	3.335
1242	6.6
1243	2.015
1244	7.826
1245	2.744
1246	7.553
1247	0.1907
1248	4.991
1249	6.047
1250	0.1771
1251	3.889
1252	3.997
1253	6.172
1254	1.317
1255	18.85
1256	32.84
1257	3.736
1258	16.94
1259	-3.947
1260	7.108
1261	2.951
1262	-0.721
1263	-0.08964
1264	0.3748
1265	-0.02678
1266	-0.332
1267	-2.354
1268	13.23
1269	0.01996
1270	15.24
1271	7.721
1272	4.358
1273	-9.524
1274	2.851
1275	5.612
1276	6.543
1277	10.49
1278	3.979
1279	5.039
1280	-10.21
1281	7.5
1282	10.91
1283	2.922
1284	8.72
1285	15.71
1286	10.72
1287	5.206
1288	11.82
1289	1.982
1290	11.1
1291	-6.25
1292	3.5
1293	8.863
1294	5.691
1295	3.352
1296	2.77
1297	3.74
1298	7.065
1299	6.273
1300	6.148
1301	6.209
1302	3.969
1303	7.364
1304	9.605
1305	6.815
1306	7.019
1307	15.48
1308	-3.652
1309	8.205
1310	8.394
1311	-8.595
1312	13.47
1313	20.08
1314	13.71
1315	11.28
1316	7.992
1317	14.37
1318	-0.9168
1319	6.463
1320	8.774
1321	4.614
1322	13.31
1323	2.834
1324	1.077
1325	3.908
1326	7.749
1327	-0.5324
1328	5.049
1329	5.247
1330	5.077
1331	4.781
1332	3.838
1333	4.232
1334	6.573
1335	12.37
1336	11.88
1337	4.883
1338	-12.4
1339	7.224
1340	6.479
1341	4.003
1342	-3.233
1343	8.391
1344	0.8027
1345	6.505
1346	8.673
1347	-2.585
1348	9.515
1349	1.141
1350	3.699
1351	2.849
1352	5.49
1353	9.522
1354	0.5299
1355	2.332
1356	1.059
1357	-0.04279
1358	-1.293
1359	-0.9157
1360	1.152
1361	17.02
1362	13.75
1363	16.69
1364	14.21
1365	4.611
1366	7.014
1367	14.29
1368	12.51
1369	8.056
1370	0.5465
1371	10.74
1372	5.027
1373	0.5591
1374	8.935
1375	4.612
1376	11.95
1377	14.36
1378	13.24
1379	7.767
1380	-5.958
1381	6.86
1382	15.36
1383	13.48
1384	12.07
1385	1.566
1386	2.48
1387	6.226
1388	9.91
1389	9.055
1390	6.509
1391	6.435
1392	7.318
1393	7.082
1394	7.822
1395	6.941
1396	13.04
1397	16.8
1398	0.06693
1399	8.712
1400	7.118
1401	7.704
1402	5.162
1403	8.564
1404	11.19
1405	11.51
1406	9.982
1407	6.476
1408	-1.781
1409	18.22
1410	10.79
1411	-2.26
1412	3.242
1413	4.621
1414	12.24
1415	2.826
1416	6.669
1417	5.748
1418	8.656
1419	7.059
1420	7.336
1421	0.4013
1422	7.637
1423	16.12
1424	8.809
1425	12.13
1426	2.438
1427	4.176
1428	5.245
1429	5.814
1430	5.242
1431	1.629
1432	-0.9499
1433	5.133
1434	1.678
1435	18.53
1436	13.71
1437	12.93
1438	23.32
1439	2.339
1440	-4.768
1441	8.504
1442	5.707
1443	3.693
1444	4.93
1445	4.716
1446	4.339
1447	5.499
1448	6.352
1449	10.45
1450	7.622
1451	11.29
1452	1.395
1453	4.418
1454	13.42
1455	12.88
1456	5.853
1457	6.168
1458	7.619
1459	14.4
1460	3.2
1461	4.496
1462	-0.4616
1463	3.12
1464	7.55
1465	0.3876
1466	9.637
1467	12.0
1468	5.115
1469	10.75
1470	4.251
1471	7.169
1472	0.3418
1473	-0.8465
1474	5.531
1475	6.77
1476	7.565
1477	9.214
1478	8.151
1479	10.2
1480	-17.63
1481	2.248
1482	7.298
1483	5.793
1484	3.744
1485	5.333
1486	6.342
1487	1.447
1488	18.9
1489	15.54
1490	12.08
1491	13.44
1492	12.05
1493	18.57
1494	20.14
1495	16.7
1496	1.458
1497	4.757
1498	23.51
1499	-1.509
1500	5.305
1001	8.585
1002	9.179
1003	8.813
1004	12.69
1005	8.103
1006	11.72
1007	11.53
1008	9.66
1009	-5.006
1010	5.499
1011	12.94
1012	8.019
1013	4.921
1014	4.222
1015	-7.306
1016	6.701
1017	7.703
1018	10.57
1019	10.86
1020	4.562
1021	8.002
1022	5.318
1023	-0.5938
1024	-1.023
1025	8.59
1026	-4.594
1027	1.683
1028	-7.277
1029	-2.246
1030	-2.324
1031	-6.167
1032	-3.98
1033	8.527
1034	10.74
1035	-5.607
1036	8.89
1037	-8.96
1038	-5.476
1039	0.7973
1040	2.619
1041	-6.629
1042	6.954
1043	1.467
1044	2.424
1045	14.08
1046	-1.825
1047	-1.194
1048	-13.23
1049	2.141
1050	3.714
1051	10.61
1052	9.354
1053	-2.645
1054	-0.4108
1055	-7.524
1056	-1.176
1057	-12.06
1058	2.795
1059	19.29
1060	8.733
1061	1.728
1062	5.175
1063	9.677
1064	3.397
1065	-2.602
1066	-2.262
1067	-0.5783
1068	7.039
1069	7.326
1070	14.34
1071	15.5
1072	16.0
1073	16.25
1074	-2.853
1075	5.5
1076	-1.458
1077	8.032
1078	13.38
1079	8.045
1080	7.839
1081	6.698
1082	4.788
1083	4.887
1084	4.818
1085	4.774
1086	4.67
1087	4.794
1088	4.548
1089	-0.298
1090	5.695
1091	6.478
1092	6.49
1093	9.21
1094	0.7914
1095	19.48
1096	3.049
1097	15.28
1098	10.52
1099	13.1
1100	5.97
1101	16.22
1102	5.954
1103	3.097
1104	2.15
1105	-0.7281
1106	-0.7493
1107	7.598
1108	-3.926
1109	-5.307
1110	-0.5
1111	-6.636
1112	0.1957
1113	-8.247
1114	-10.13
1115	-0.4085
1116	13.41
1117	3.976
1118	5.492
1119	1.39
1120	6.177
1121	5.763
1122	3.917
1123	-0.07381
1124	10.13
1125	3.89
1126	0.7441
1127	-0.04972
1128	7.98
1129	5.424
1130	-4.786
1131	6.611
1132	8.04
1133	5.695
1134	-6.586
1135	1.046
1136	-0.9427
1137	13.29
1138	15.69
1139	-0.7651
1140	-2.775
1141	2.482
1142	2.271
1143	3.773
1144	1.143
1145	4.387
1146	-2.582
1147	10.42
1148	-3.34
1149	12.17
1150	10.21
1151	11.83
1152	-0.3428
1153	14.99
1154	2.296
1155	0.8714
1156	-1.829
1157	-5.166
1158	3.785
1159	-0.6281
1160	4.18
1161	6.03
1162	7.352
1163	12.01
1164	5.758
1165	9.082
1166	8.257
1167	-5.16
1168	-15.0
1169	8.105
1170	2.012
1171	2.826
1172	-5.813
1173	2.199
1174	15.71
1175	7.716
1176	6.88
1177	-1.177
1178	2.19
1179	6.654
1180	2.995
1181	9.083
1182	12.23
1183	5.422
1184	15.99
1185	-8.47
1186	12.74
1187	4.282
1188	9.794
1189	2.248
1190	8.865
1191	12.5
1192	7.657
1193	11.38
1194	-3.462
1195	3.637
1196	1.834
1197	-1.676
1198	13.04
1199	18.29
1200	-0.4868
1201	3.752
1202	-8.097
1203	15.88
1204	10.97
1205	-2.969
1206	-4.318
1207	5.764
1208	11.75
1209	-4.778
1210	8.964
1211	6.387
1212	9.296
1213	9.068
1214	11.49
1215	10.1
1216	0.06822
1217	5.308
1218	6.12
1219	2.891
1220	6.168
1221	-0.31
1222	11.56
1223	-1.942
1224	5.48
1225	2.744
1226	4.015
1227	4.037
1228	1.782
1229	11.85
1230	12.69
1231	14.4
1232	12.87
1233	4.248
1234	7.297
1235	-6.018
1236	-5.353
1237	2.691
1238	12.71
1239	3.991
1240	4.008
1241	-0.1142
1242	11.82
1243	-7.264
1244	5.874
1245	13.16
1246	-3.926
1247	0.3049
1248	2.964
1249	8.5
1250	1.582
1251	3.598
1252	2.334
1253	5.807
1254	2.748
1255	5.826
1256	-4.05
1257	13.07
1258	1.22
1259	-1.827
1260	-11.39
1261	4.009
1262	1.318
1263	0.3796
1264	0.5897
1265	0.2727
1266	-1.149
1267	5.888
1268	10.33
1269	7.16
1270	3.348
1271	-5.678
1272	-0.08447
1273	-3.647
1274	1.171
1275	2.545
1276	2.277
1277	6.35
1278	14.01
1279	-0.7724
1280	1.275
1281	10.15
1282	11.53
1283	4.983
1284	-17.32
1285	10.98
1286	5.125
1287	12.63
1288	8.535
1289	2.33
1290	14.65
1291	2.324
1292	1.502
1293	10.95
1294	4.843
1295	3.355
1296	3.134
1297	1.89
1298	4.777
1299	1.725
1300	0.5216
1301	-2.066
1302	-3.662
1303	5.421
1304	9.899
1305	9.803
1306	1.282
1307	10.2
1308	6.855
1309	6.654
1310	5.872
1311	-3.988
1312	16.69
1313	19.9
1314	12.84
1315	1.683
1316	6.202
1317	8.249
1318	1.692
1319	0.7232
1320	9.919
1321	7.813
1322	10.63
1323	13.79
1324	3.73
1325	1.241
1326	16.1
1327	-4.048
1328	5.114
1329	4.209
1330	4.77
1331	4.94
1332	4.003
1333	4.122
1334	10.71
1335	10.67
1336	12.09
1337	-4.326
1338	9.127
1339	3.131
1340	1.724
1341	3.031
1342	-8.432
1343	15.25
1344	-8.715
1345	1.785
1346	6.735
1347	5.487
1348	11.14
1349	1.14
1350	4.237
1351	4.676
1352	4.698
1353	-6.364
1354	0.5657
1355	2.009
1356	1.566
1357	-1.252
1358	-1.203
1359	-0.1994
1360	-0.102
1361	3.307
1362	7.598
1363	5.799
1364	17.14
1365	2.575
1366	12.93
1367	4.149
1368	12.76
1369	10.64
1370	1.923
1371	2.21
1372	7.54
1373	-8.724
1374	0.492
1375	11.05
1376	0.4743
1377	14.53
1378	11.45
1379	8.205
1380	6.077
1381	10.52
1382	13.34
1383	13.37
1384	15.7
1385	3.923
1386	6.583
1387	6.448
1388	8.629
1389	9.563
1390	6.078
1391	6.322
1392	5.067
1393	7.844
1394	7.141
1395	3.543
1396	20.46
1397	16.06
1398	8.356
1399	1.923
1400	6.653
1401	8.41
1402	11.68
1403	11.2
1404	8.923
1405	11.58
1406	-0.9871
1407	3.228
1408	-9.329
1409	1.739
1410	7.556
1411	5.843
1412	-9.314
1413	-0.04912
1414	9.974
1415	9.001
1416	4.017
1417	11.0
1418	7.101
1419	7.643
1420	-6.077
1421	8.67
1422	-6.275
1423	12.63
1424	11.81
1425	13.18
1426	2.106
1427	6.814
1428	9.03
1429	11.21
1430	0.2393
1431	2.191
1432	3.158
1433	7.495
1434	-2.248
1435	1.316
1436	1.523
1437	11.4
1438	6.311
1439	9.651
1440	-6.691
1441	-4.324
1442	3.925
1443	4.587
1444	4.965
1445	4.655
1446	6.625
1447	6.061
1448	6.314
1449	9.859
1450	6.412
1451	1.992
1452	-10.04
1453	6.206
1454	8.387
1455	12.83
1456	2.524
1457	6.975
1458	0.6667
1459	9.396
1460	4.921
1461	5.073
1462	2.422
1463	3.472
1464	5.841
1465	2.065
1466	4.319
1467	10.66
1468	3.322
1469	9.262
1470	-0.4024
1471	9.001
1472	7.527
1473	-0.8555
1474	8.021
1475	7.433
1476	9.18
1477	8.957
1478	13.6
1479	11.87
1480	10.14
1481	-5.597
1482	7.553
1483	0.613
1484	-0.4323
1485	0.6577
1486	1.235
1487	3.127
1488	2.224
1489	-8.835
1490	13.89
1491	14.86
1492	12.46
1493	10.56
1494	-3.723
1495	3.492
1496	-11.41
1497	2.641
1498	4.383
1499	4.176
1500	3.397
1001	4.558
1002	2.784
1003	8.245
1004	5.49
1005	9.855
1006	15.78
1007	9.489
1008	11.31
1009	-3.475
1010	2.863
1011	13.72
1012	3.0
1013	-8.116
1014	10.21
1015	7.367
1016	2.46
1017	6.529
1018	11.93
1019	11.79
1020	9.651
1021	6.84
1022	8.471
1023	-1.58
1024	21.16
1025	8.799
1026	-7.173
1027	3.562
1028	5.762
1029	-23.86
1030	-3.811
1031	31.07
1032	6.462
1033	8.601
1034	18.98
1035	-9.61
1036	14.46
1037	-5.706
1038	13.92
1039	12.43
1040	-2.461
1041	-6.005
1042	-0.07404
1043	6.747
1044	1.237
1045	17.43
1046	17.68
1047	6.554
1048	4.397
1049	14.72
1050	3.185
1051	14.16
1052	12.02
1053	5.815
1054	-1.199
1055	-2.092
1056	7.887
1057	-21.47
1058	-6.074
1059	15.72
1060	3.313
1061	7.666
1062	1.512
1063	8.313
1064	4.932
1065	-1.277
1066	-2.428
1067	-5.381
1068	6.963
1069	6.651
1070	15.67
1071	15.73
1072	11.67
1073	9.999
1074	1.042
1075	10.66
1076	9.912
1077	1.559
1078	17.91
1079	6.68
1080	4.717
1081	3.788
1082	4.928
1083	4.838
1084	4.836
1085	4.803
1086	4.711
1087	4.367
1088	4.734
1089	2.858
1090	6.055
1091	5.624
1092	8.682
1093	9.34
1094	6.326
1095	15.66
1096	13.73
1097	9.456
1098	9.973
1099	17.76
1100	-6.759
1101	-2.161
1102	6.108
1103	2.87
1104	1.667
1105	-0.6343
1106	4.582
1107	0.9439
1108	-3.541
1109	1.382
1110	-0.5754
1111	-6.174
1112	20.41
1113	-9.643
1114	-6.04
1115	3.658
1116	17.88
1117	7.389
1118	9.314
1119	0.1371
1120	2.024
1121	14.8
1122	0.4829
1123	14.18
1124	-1.674
1125	3.879
1126	2.967
1127	-7.341
1128	5.131
1129	7.991
1130	-9.279
1131	11.75
1132	8.535
1133	2.266
1134	10.04
1135	7.339
1136	18.27
1137	8.295
1138	0.04729
1139	13.53
1140	7.879
1141	5.764
1142	6.025
1143	2.078
1144	13.46
1145	-4.635
1146	-3.919
1147	8.338
1148	5.449
1149	9.089
1150	11.18
1151	16.37
1152	-3.542
1153	4.294
1154	0.986
1155	11.22
1156	-10.21
1157	2.944
1158	4.908
1159	9.001
1160	4.238
1161	5.483
1162	5.426
1163	19.62
1164	10.61
1165	10.46
1166	0.5398
1167	15.35
1168	10.82
1169	15.1
1170	10.51
1171	4.717
1172	2.977
1173	1.077
1174	14.39
1175	8.644
1176	7.8
1177	-1.707
1178	2.234
1179	6.029
1180	12.96
1181	7.344
1182	14.14
1183	7.626
1184	-6.255
1185	7.064
1186	18.46
1187	4.613
1188	9.896
1189	9.156
1190	13.31
1191	14.77
1192	13.87
1193	-5.372
1194	3.931
1195	4.73
1196	1.06
1197	-0.1996
1198	18.2
1199	6.783
1200	6.978
1201	-1.562
1202	20.19
1203	7.338
1204	-0.4657
1205	4.369
1206	-14.44
1207	3.357
1208	10.83
1209	1.882
1210	4.031
1211	7.094
1212	7.386
1213	8.295
1214	10.75
1215	15.42
1216	10.3
1217	8.199
1218	1.779
1219	8.141
1220	-2.149
1221	3.58
1222	-4.488
1223	2.177
1224	4.848
1225	3.207
1226	3.258
1227	1.093
1228	-6.469
1229	1.527
1230	12.57
1231	12.86
1232	12.63
1233	9.389
1234	11.09
1235	-10.39
1236	17.38
1237	-8.122
1238	10.18
1239	8.843
1240	13.5
1241	8.21
1242	8.849
1243	5.325
1244	6.749
1245	8.043
1246	-0.9183
1247	-1.144
1248	-2.377
1249	4.723
1250	0.3915
1251	3.089
1252	0.32
1253	6.76
1254	1.281
1255	4.637
1256	-0.211
1257	0.4585
1258	-5.334
1259	-5.439
1260	-3.417
1261	-0.7231
1262	-0.02201
1263	0.3573
1264	0.3754
1265	0.3378
1266	-0.7981
1267	1.949
1268	17.72
1269	3.329
1270	13.15
1271	11.4
1272	2.064
1273	7.065
1274	7.376
1275	4.212
1276	7.926
1277	4.368
1278	8.619
1279	4.658
1280	5.106
1281	12.19
1282	13.71
1283	15.07
1284	8.533
1285	9.453
1286	0.3682
1287	15.31
1288	2.981
1289	7.654
1290	11.61
1291	-4.738
1292	7.233
1293	4.848
1294	5.198
1295	3.295
1296	2.479
1297	2.663
1298	3.892
1299	2.186
1300	14.01
1301	6.339
1302	-3.606
1303	9.551
1304	10.66
1305	1.826
1306	6.705
1307	7.562
1308	4.053
1309	5.722
1310	6.118
1311	1.904
1312	21.71
1313	16.26
1314	13.58
1315	-3.786
1316	14.58
1317	11.64
1318	-8.378
1319	12.13
1320	3.741
1321	-2.564
1322	3.203
1323	11.96
1324	13.56
1325	-5.219
1326	-11.3
1327	2.412
1328	5.114
1329	6.047
1330	4.892
1331	4.847
1332	4.391
1333	4.429
1334	12.04
1335	13.24
1336	15.59
1337	-6.581
1338	11.47
1339	1.586
1340	3.298
1341	4.034
1342	-7.35
1343	14.83
1344	-0.5082
1345	9.642
1346	14.69
1347	7.931
1348	7.839
1349	0.2468
1350	5.725
1351	6.007
1352	0.09089
1353	-12.94
1354	1.439
1355	1.774
1356	0.9893
1357	-2.781
1358	-1.415
1359	0.5058
1360	0.4183
1361	13.7
1362	7.99
1363	15.77
1364	14.08
1365	-4.791
1366	1.248
1367	8.835
1368	11.38
1369	7.414
1370	-5.984
1371	-2.306
1372	-0.5753
1373	7.873
1374	7.417
1375	6.765
1376	-4.786
1377	20.46
1378	12.46
1379	6.027
1380	-10.05
1381	17.31
1382	12.75
1383	13.2
1384	12.78
1385	4.629
1386	5.825
1387	4.568
1388	9.003
1389	8.429
1390	6.857
1391	6.639
1392	6.474
1393	7.826
1394	7.158
1395	3.203
1396	13.07
1397	10.4
1398	7.701
1399	4.231
1400	-0.8838
1401	8.61
1402	3.427
1403	10.37
1404	9.476
1405	11.52
1406	5.956
1407	1.378
1408	-9.486
1409	27.58
1410	13.69
1411	10.33
1412	3.821
1413	-0.7092
1414	16.28
1415	2.74
1416	4.248
1417	-2.897
1418	10.52
1419	6.45
1420	2.874
1421	7.263
1422	10.71
1423	9.453
1424	1.34
1425	11.95
1426	6.864
1427	4.291
1428	5.845
1429	6.204
1430	12.18
1431	2.924
1432	7.822
1433	-6.836
1434	14.36
1435	7.123
1436	17.24
1437	8.689
1438	10.57
1439	11.78
1440	-15.95
1441	-4.84
1442	2.462
1443	3.684
1444	4.674
1445	4.661
1446	5.995
1447	6.046
1448	6.435
1449	5.806
1450	5.039
1451	7.234
1452	1.103
1453	-12.68
1454	13.89
1455	9.9
1456	5.792
1457	8.236
1458	7.144
1459	-1.205
1460	9.833
1461	5.372
1462	4.023
1463	-4.562
1464	7.339
1465	-3.626
1466	5.757
1467	-0.4196
1468	2.868
1469	15.55
1470	-4.497
1471	8.839
1472	5.163
1473	-2.323
1474	6.577
1475	6.45
1476	6.628
1477	8.582
1478	11.27
1479	5.575
1480	22.59
1481	16.14
1482	11.75
1483	-9.281
1484	-4.59
1485	-4.283
1486	5.296
1487	18.03
1488	26.43
1489	8.88
1490	0.441
1491	14.17
1492	12.51
1493	11.64
1494	-7.236
1495	-6.368
1496	12.01
1497	-2.112
1498	-11.24
1499	7.175
1500	3.032
1001	0.06986
1002	3.248
1003	9.545
1004	9.061
1005	8.809
1006	12.18
1007	10.18
1008	13.82
1009	14.76
1010	3.355
1011	13.45
1012	15.57
1013	16.72
1014	9.165
1015	-5.72
1016	18.48
1017	4.95
1018	11.84
1019	11.87
1020	17.52
1021	6.78
1022	4.236
1023	11.76
1024	16.41
1025	9.09
1026	0.5457
1027	8.449
1028	11.52
1029	21.81
1030	0.8978
1031	3.726
1032	23.12
1033	16.41
1034	15.7
1035	27.87
1036	3.846
1037	16.56
1038	32.05
1039	6.951
1040	10.11
1041	18.4
1042	4.384
1043	11.8
1044	10.61
1045	13.48
1046	12.48
1047	16.84
1048	2.35
1049	7.28
1050	5.776
1051	14.91
1052	13.18
1053	10.94
1054	8.783
1055	28.59
1056	14.41
1057	15.07
1058	18.51
1059	19.38
1060	6.514
1061	0.9278
1062	3.998
1063	5.828
1064	3.545
1065	-0.4955
1066	-0.7357
1067	2.188
1068	13.27
1069	12.62
1070	14.81
1071	15.39
1072	16.25
1073	19.34
1074	15.79
1075	15.06
1076	18.6
1077	3.829
1078	14.08
1079	9.902
1080	4.942
1081	3.71
1082	4.796
1083	4.678
1084	4.822
1085	4.872
1086	4.737
1087	4.934
1088	4.676
1089	1.932
1090	6.914
1091	6.093
1092	8.107
1093	9.895
1094	10.54
1095	13.23
1096	11.82
1097	10.09
1098	11.46
1099	13.02
1100	19.61
1101	13.19
1102	2.236
1103	4.258
1104	1.495
1105	1.199
1106	2.835
1107	11.47
1108	-2.808
1109	9.174
1110	8.077
1111	3.073
1112	14.28
1113	16.27
1114	12.41
1115	8.028
1116	14.55
1117	14.88
1118	10.0
1119	12.92
1120	10.53
1121	9.84
1122	0.1899
1123	9.574
1124	24.91
1125	9.739
1126	-3.306
1127	21.49
1128	4.003
1129	6.672
1130	-3.654
1131	22.14
1132	17.98
1133	5.806
1134	16.32
1135	12.71
1136	14.58
1137	15.49
1138	11.49
1139	11.26
1140	0.852
1141	8.605
1142	6.94
1143	18.21
1144	1.047
1145	9.284
1146	12.51
1147	16.61
1148	5.612
1149	16.81
1150	10.46
1151	16.33
1152	9.649
1153	13.39
1154	2.492
1155	15.78
1156	2.386
1157	13.59
1158	13.74
1159	16.57
1160	5.144
1161	8.493
1162	7.098
1163	12.48
1164	6.806
1165	10.37
1166	6.352
1167	19.14
1168	10.26
1169	18.12
1170	0.717
1171	20.47
1172	12.45
1173	7.183
1174	12.03
1175	8.437
1176	6.916
1177	2.701
1178	4.077
1179	6.069
1180	17.06
1181	18.94
1182	23.16
1183	15.82
1184	9.759
1185	1.394
1186	10.34
1187	16.04
1188	16.06
1189	14.36
1190	18.42
1191	10.11
1192	14.76
1193	12.98
1194	0.04438
1195	5.35
1196	17.14
1197	12.28
1198	14.6
1199	-0.9191
1200	23.27
1201	17.09
1202	9.046
1203	24.54
1204	19.21
1205	22.85
1206	11.87
1207	15.44
1208	20.11
1209	4.753
1210	3.992
1211	5.954
1212	7.684
1213	9.134
1214	13.13
1215	6.842
1216	12.31
1217	18.89
1218	14.32
1219	12.94
1220	5.604
1221	16.02
1222	22.19
1223	6.622
1224	4.91
1225	3.27
1226	3.476
1227	4.51
1228	-2.409
1229	4.508
1230	13.6
1231	12.93
1232	12.47
1233	6.954
1234	9.08
1235	19.42
1236	7.561
1237	14.1
1238	11.15
1239	4.09
1240	8.12
1241	13.2
1242	12.58
1243	10.76
1244	8.724
1245	5.651
1246	5.391
1247	2.2
1248	-0.0847
1249	5.267
1250	4.25
1251	4.711
1252	3.284
1253	6.981
1254	-0.3139
1255	13.42
1256	17.83
1257	-0.3121
1258	22.2
1259	25.75
1260	8.124
1261	7.262
1262	0.94
1263	0.7162
1264	0.218
1265	0.6597
1266	-0.9785
1267	4.749
1268	23.55
1269	26.42
1270	26.44
1271	14.11
1272	12.77
1273	22.03
1274	6.429
1275	8.838
1276	26.45
1277	9.889
1278	6.031
1279	9.477
1280	11.91
1281	9.067
1282	14.99
1283	9.018
1284	6.164
1285	7.074
1286	10.44
1287	12.82
1288	6.731
1289	3.06
1290	9.409
1291	13.41
1292	16.04
1293	5.707
1294	4.378
1295	2.645
1296	2.932
1297	2.933
1298	3.252
1299	27.1
1300	-6.99
1301	20.53
1302	14.12
1303	8.081
1304	9.487
1305	9.739
1306	16.37
1307	16.16
1308	0.02842
1309	5.363
1310	12.17
1311	18.27
1312	17.12
1313	20.37
1314	16.35
1315	4.196
1316	14.5
1317	12.41
1318	2.056
1319	9.803
1320	12.74
1321	12.16
1322	10.71
1323	8.035
1324	1.737
1325	32.09
1326	23.16
1327	13.89
1328	5.693
1329	4.394
1330	5.087
1331	4.739
1332	4.689
1333	3.236
1334	16.32
1335	14.73
1336	12.52
1337	11.32
1338	12.82
1339	9.169
1340	3.254
1341	3.699
1342	15.32
1343	12.63
1344	8.346
1345	-2.218
1346	27.94
1347	0.2586
1348	12.94
1349	1.222
1350	10.59
1351	8.997
1352	2.757
1353	4.728
1354	1.88
1355	1.932
1356	1.586
1357	-0.4176
1358	-0.4293
1359	-0.2105
1360	-0.315
1361	8.584
1362	7.842
1363	8.642
1364	13.02
1365	4.92
1366	20.3
1367	11.6
1368	9.338
1369	16.27
1370	9.641
1371	18.36
1372	12.26
1373	13.0
1374	12.78
1375	23.99
1376	1.429
1377	12.18
1378	24.56
1379	11.68
1380	5.351
1381	7.954
1382	17.07
1383	14.57
1384	13.96
1385	6.03
1386	11.18
1387	3.815
1388	10.16
1389	8.517
1390	6.41
1391	6.698
1392	6.539
1393	7.4
1394	6.372
1395	5.611
1396	23.82
1397	11.67
1398	18.24
1399	13.43
1400	3.235
1401	19.84
1402	14.35
1403	8.604
1404	9.949
1405	11.5
1406	8.178
1407	23.79
1408	8.368
1409	8.299
1410	10.35
1411	13.71
1412	9.077
1413	11.64
1414	9.683
1415	6.02
1416	4.369
1417	15.15
1418	8.598
1419	10.37
1420	2.168
1421	4.531
1422	12.73
1423	15.55
1424	23.56
1425	11.74
1426	9.085
1427	7.767
1428	5.656
1429	7.81
1430	8.5
1431	8.907
1432	12.4
1433	0.1831
1434	1.186
1435	17.33
1436	26.4
1437	10.2
1438	11.94
1439	7.971
1440	9.654
1441	1.325
1442	3.048
1443	4.21
1444	4.679
1445	4.562
1446	7.103
1447	6.218
1448	5.956
1449	5.01
1450	19.09
1451	26.69
1452	13.17
1453	11.89
1454	21.08
1455	12.62
1456	21.67
1457	7.324
1458	6.285
1459	12.46
1460	8.718
1461	5.42
1462	7.925
1463	13.7
1464	3.373
1465	4.8
1466	7.574
1467	3.634
1468	12.27
1469	9.577
1470	3.55
1471	7.693
1472	16.0
1473	0.1443
1474	7.055
1475	8.665
1476	12.29
1477	7.48
1478	15.35
1479	4.083
1480	22.85
1481	7.911
1482	8.964
1483	3.132
1484	7.77
1485	-0.9029
1486	9.087
1487	6.995
1488	17.92
1489	18.54
1490	13.62
1491	11.52
1492	13.6
1493	17.46
1494	6.131
1495	0.1645
1496	22.37
1497	-2.404
1498	5.773
1499	11.97
1500	3.32
1001	-3.562
1002	5.208
1003	9.309
1004	4.837
1005	18.27
1006	15.54
1007	9.509
1008	14.31
1009	3.75
1010	-4.882
1011	12.48
1012	18.79
1013	8.297
1014	-4.653
1015	10.66
1016	3.55
1017	12.21
1018	12.93
1019	13.12
1020	10.42
1021	6.932
1022	8.919
1023	11.75
1024	-0.9503
1025	4.486
1026	48.16
1027	1.176
1028	7.256
1029	-4.687
1030	-4.519
1031	9.409
1032	27.59
1033	1.048
1034	15.87
1035	7.867
1036	11.08
1037	-7.883
1038	23.61
1039	11.03
1040	0.6815
1041	21.15
1042	-7.974
1043	12.96
1044	18.13
1045	12.68
1046	13.5
1047	11.64
1048	-18.62
1049	10.84
1050	2.956
1051	18.49
1052	14.56
1053	4.114
1054	-7.471
1055	-0.1376
1056	3.514
1057	-9.242
1058	-0.02555
1059	17.44
1060	13.96
1061	4.545
1062	-1.229
1063	8.762
1064	8.102
1065	-2.17
1066	-0.9675
1067	-4.885
1068	9.561
1069	9.331
1070	14.53
1071	15.5
1072	17.07
1073	16.22
1074	27.21
1075	28.02
1076	13.36
1077	4.04
1078	8.541
1079	8.573
1080	7.455
1081	5.244
1082	4.974
1083	4.833
1084	4.839
1085	4.702
1086	4.594
1087	4.79
1088	4.508
1089	1.032
1090	6.223
1091	6.671
1092	6.908
1093	7.42
1094	7.334
1095	5.374
1096	0.5863
1097	16.62
1098	8.29
1099	16.04
1100	5.024
1101	5.603
1102	7.291
1103	4.052
1104	-0.4334
1105	-3.447
1106	12.3
1107	-1.202
1108	-2.432
1109	2.569
1110	7.697
1111	5.157
1112	4.591
1113	11.54
1114	-9.809
1115	13.97
1116	13.58
1117	12.73
1118	6.79
1119	10.81
1120	4.842
1121	18.18
1122	10.18
1123	3.489
1124	-2.767
1125	2.573
1126	-0.218
1127	13.92
1128	5.639
1129	6.157
1130	-4.701
1131	-1.711
1132	-5.318
1133	27.65
1134	31.76
1135	10.21
1136	15.59
1137	14.29
1138	-5.763
1139	17.73
1140	9.256
1141	2.992
1142	10.28
1143	1.205
1144	3.07
1145	5.649
1146	1.672
1147	13.21
1148	-3.19
1149	17.41
1150	11.07
1151	19.89
1152	9.134
1153	17.28
1154	2.852
1155	28.89
1156	0.665
1157	15.59
1158	0.8752
1159	2.472
1160	4.712
1161	2.067
1162	8.957
1163	7.174
1164	7.613
1165	10.49
1166	12.49
1167	10.39
1168	-3.727
1169	18.05
1170	-6.197
1171	32.83
1172	17.09
1173	5.661
1174	9.933
1175	8.822
1176	6.194
1177	-3.036
1178	2.166
1179	5.337
1180	13.09
1181	5.04
1182	16.61
1183	-4.047
1184	1.907
1185	6.086
1186	-1.125
1187	4.108
1188	9.439
1189	19.35
1190	9.265
1191	13.08
1192	13.09
1193	14.71
1194	-1.029
1195	3.411
1196	-3.33
1197	14.14
1198	17.4
1199	16.54
1200	16.77
1201	1.802
1202	-0.06433
1203	10.53
1204	8.131
1205	3.717
1206	26.12
1207	-2.839
1208	17.68
1209	12.45
1210	6.232
1211	5.304
1212	7.266
1213	9.66
1214	11.72
1215	11.32
1216	-4.308
1217	15.22
1218	16.1
1219	3.033
1220	8.772
1221	-1.952
1222	-3.237
1223	-3.737
1224	4.108
1225	3.919
1226	3.527
1227	4.683
1228	8.664
1229	15.02
1230	13.17
1231	12.57
1232	10.97
1233	6.481
1234	10.78
1235	4.09
1236	1.701
1237	-9.277
1238	12.05
1239	2.18
1240	11.28
1241	3.536
1242	3.781
1243	-0.2749
1244	3.631
1245	9.265
1246	2.003
1247	2.739
1248	-0.4892
1249	6.422
1250	0.6299
1251	3.759
1252	4.323
1253	5.736
1254	0.5542
1255	11.86
1256	5.218
1257	18.74
1258	19.37
1259	14.93
1260	3.313
1261	0.5265
1262	0.06438
1263	0.5979
1264	0.1454
1265	0.4112
1266	-0.4909
1267	6.442
1268	-0.5952
1269	6.41
1270	10.97
1271	2.022
1272	15.76
1273	19.7
1274	17.14
1275	3.289
1276	8.514
1277	6.255
1278	-0.07972
1279	5.568
1280	-10.61
1281	20.07
1282	11.42
1283	11.9
1284	-5.837
1285	9.485
1286	14.96
1287	9.232
1288	3.932
1289	3.574
1290	10.42
1291	-6.277
1292	13.14
1293	9.679
1294	5.566
1295	3.32
1296	2.379
1297	4.467
1298	1.741
1299	11.55
1300	-0.624
1301	3.712
1302	10.96
1303	8.558
1304	9.166
1305	6.417
1306	0.3847
1307	18.32
1308	11.48
1309	11.29
1310	10.02
1311	-3.328
1312	15.16
1313	19.93
1314	20.64
1315	7.262
1316	17.29
1317	13.26
1318	-3.04
1319	16.25
1320	1.64
1321	-4.405
1322	4.85
1323	-0.8139
1324	4.924
1325	-8.559
1326	22.24
1327	-2.489
1328	4.641
1329	5.213
1330	4.749
1331	4.975
1332	5.114
1333	4.124
1334	11.37
1335	14.73
1336	14.81
1337	7.103
1338	3.528
1339	8.593
1340	4.07
1341	4.418
1342	-12.7
1343	18.47
1344	1.584
1345	4.174
1346	9.086
1347	3.238
1348	19.36
1349	2.915
1350	4.539
1351	4.108
1352	2.54
1353	14.18
1354	1.405
1355	1.853
1356	0.9004
1357	0.03866
1358	0.9112
1359	-0.3077
1360	-3.344
1361	4.069
1362	9.469
1363	11.34
1364	7.812
1365	-0.453
1366	16.31
1367	10.73
1368	13.06
1369	5.062
1370	6.548
1371	5.133
1372	5.079
1373	23.34
1374	9.296
1375	9.636
1376	4.908
1377	18.95
1378	5.227
1379	14.32
1380	4.856
1381	-5.742
1382	11.05
1383	14.36
1384	18.68
1385	4.025
1386	4.455
1387	7.238
1388	9.127
1389	7.922
1390	6.641
1391	6.38
1392	6.859
1393	7.251
1394	7.276
1395	8.391
1396	10.24
1397	10.21
1398	-6.696
1399	14.43
1400	4.431
1401	7.943
1402	5.002
1403	10.19
1404	10.12
1405	11.26
1406	12.77
1407	13.22
1408	8.747
1409	-27.85
1410	7.866
1411	7.635
1412	-1.96
1413	5.909
1414	5.285
1415	-7.525
1416	12.49
1417	10.77
1418	14.58
1419	12.87
1420	-2.522
1421	7.774
1422	2.404
1423	24.72
1424	32.68
1425	8.153
1426	10.18
1427	7.994
1428	14.07
1429	7.952
1430	2.687
1431	6.563
1432	-2.848
1433	-8.647
1434	-0.1651
1435	3.37
1436	19.69
1437	2.457
1438	13.07
1439	7.521
1440	5.999
1441	7.211
1442	4.572
1443	3.251
1444	4.877
1445	4.55
1446	6.415
1447	5.575
1448	6.037
1449	7.883
1450	10.98
1451	5.927
1452	15.39
1453	-8.265
1454	20.83
1455	15.33
1456	19.24
1457	4.498
1458	21.71
1459	6.212
1460	10.01
1461	8.13
1462	5.585
1463	8.852
1464	8.446
1465	1.278
1466	5.414
1467	11.57
1468	1.011
1469	15.49
1470	11.08
1471	22.19
1472	3.216
1473	0.7131
1474	4.576
1475	8.066
1476	10.37
1477	7.883
1478	11.57
1479	11.9
1480	13.93
1481	1.576
1482	7.407
1483	-2.277
1484	-3.958
1485	15.3
1486	7.478
1487	31.65
1488	25.48
1489	8.043
1490	34.38
1491	11.91
1492	12.34
1493	7.154
1494	-3.067
1495	-11.64
1496	8.387
1497	3.328
1498	16.79
1499	24.61
1500	0.3749
