1001	3.835
1002	5.729
1003	9.237
1004	9.395
1005	18.81
1006	19.15
1007	7.362
1008	13.78
1009	8.244
1010	7.647
1011	2.675
1012	14.16
1013	12.2
1014	12.82
1015	8.933
1016	2.936
1017	1.328
1018	7.486
1019	5.481
1020	8.986
1021	12.02
1022	11.84
1023	5.556
1024	8.916
1025	9.762
1026	7.901
1027	3.19
1028	0.3178
1029	5.493
1030	5.576
1031	7.103
1032	12.59
1033	13.34
1034	2.589
1035	8.102
1036	10.48
1037	3.709
1038	1.831
1039	6.767
1040	4.071
1041	2.58
1042	0.7975
1043	-0.8214
1044	-0.7322
1045	-1.2
1046	-1.21
1047	-0.9904
1048	-0.7679
1049	-0.5905
1050	5.54
1051	1.586
1052	9.501
1053	10.89
1054	6.777
1055	3.052
1056	3.495
1057	5.671
1058	-0.5516
1059	8.891
1060	-0.6396
1061	15.95
1062	20.94
1063	8.852
1064	7.378
1065	9.884
1066	12.73
1067	12.54
1068	7.636
1069	0.8447
1070	5.109
1071	9.138
1072	12.8
1073	-2.758
1074	12.06
1075	3.87
1076	9.186
1077	14.92
1078	15.07
1079	12.81
1080	12.08
1081	8.243
1082	6.645
1083	8.927
1084	0.9102
1085	3.449
1086	8.058
1087	5.271
1088	6.486
1089	8.094
1090	-1.728
1091	17.03
1092	6.339
1093	10.0
1094	5.009
1095	6.513
1096	-1.997
1097	11.0
1098	18.22
1099	14.83
1100	7.71
1101	12.29
1102	5.11
1103	4.807
1104	9.171
1105	3.704
1106	18.02
1107	3.668
1108	-1.832
1109	1.715
1110	11.21
1111	7.998
1112	11.34
1113	2.027
1114	4.828
1115	7.66
1116	-0.09075
1117	-0.5313
1118	10.75
1119	7.12
1120	-12.0
1121	7.886
1122	0.2141
1123	10.4
1124	14.36
1125	4.85
1126	9.98
1127	7.334
1128	3.248
1129	9.474
1130	5.561
1131	13.79
1132	4.921
1133	3.657
1134	9.638
1135	9.616
1136	8.547
1137	1.057
1138	0.3448
1139	7.981
1140	2.171
1141	6.81
1142	6.299
1143	6.289
1144	13.47
1145	8.753
1146	4.186
1147	9.872
1148	7.415
1149	-5.086
1150	6.25
1151	9.421
1152	3.477
1153	1.2
1154	0.6559
1155	3.23
1156	7.031
1157	4.203
1158	-1.632
1159	4.989
1160	1.465
1161	4.671
1162	8.566
1163	6.997
1164	2.545
1165	16.21
1166	1.925
1167	9.62
1168	8.728
1169	9.193
1170	7.082
1171	7.534
1172	7.825
1173	7.832
1174	7.937
1175	7.956
1176	8.471
1177	9.895
1178	-1.666
1179	8.96
1180	8.751
1181	-6.548
1182	12.77
1183	7.527
1184	14.0
1185	15.63
1186	5.378
1187	12.68
1188	10.99
1189	9.361
1190	9.811
1191	13.65
1192	11.29
1193	11.76
1194	-6.774
1195	9.149
1196	1.037
1197	8.039
1198	10.2
1199	9.533
1200	8.154
1201	7.725
1202	5.793
1203	9.458
1204	13.78
1205	3.411
1206	10.5
1207	5.679
1208	1.497
1209	4.41
1210	10.14
1211	12.76
1212	21.7
1213	8.138
1214	4.001
1215	15.3
1216	21.15
1217	8.909
1218	2.006
1219	16.81
1220	5.451
1221	10.4
1222	5.43
1223	9.893
1224	10.12
1225	5.535
1226	12.05
1227	18.84
1228	11.39
1229	-4.87
1230	12.44
1231	6.913
1232	7.632
1233	10.29
1234	13.15
1235	15.1
1236	10.45
1237	13.82
1238	14.41
1239	15.87
1240	19.88
1241	5.857
1242	6.592
1243	8.356
1244	9.913
1245	0.9457
1246	-0.3796
1247	4.884
1248	12.57
1249	13.33
1250	12.23
1251	11.74
1252	11.39
1253	10.03
1254	9.447
1255	10.76
1256	12.36
1257	11.36
1258	3.778
1259	8.279
1260	3.76
1261	9.35
1262	-3.088
1263	7.412
1264	6.505
1265	9.482
1266	4.555
1267	12.4
1268	9.27
1269	14.75
1270	5.296
1271	12.91
1272	11.64
1273	13.35
1274	12.27
1275	10.87
1276	9.078
1277	8.638
1278	5.688
1279	7.797
1280	-1.54
1281	8.403
1282	7.985
1283	2.303
1284	3.845
1285	3.679
1286	16.3
1287	9.432
1288	2.309
1289	15.9
1290	14.69
1291	11.22
1292	15.5
1293	7.503
1294	8.985
1295	1.791
1296	14.19
1297	12.45
1298	4.838
1299	5.387
1300	-0.7331
1301	8.174
1302	9.552
1303	12.82
1304	12.81
1305	10.16
1306	13.97
1307	15.34
1308	10.74
1309	19.06
1310	12.91
1311	7.988
1312	9.146
1313	21.91
1314	4.786
1315	2.78
1316	6.055
1317	6.444
1318	8.785
1319	9.532
1320	8.121
1321	8.297
1322	8.02
1323	13.21
1324	10.85
1325	5.762
1326	12.59
1327	11.72
1328	11.23
1329	7.404
1330	11.28
1331	16.88
1332	12.52
1333	10.72
1334	6.757
1335	-3.235
1336	9.466
1337	-6.463
1338	18.32
1339	9.701
1340	2.55
1341	-0.7733
1342	8.19
1343	7.624
1344	14.12
1345	10.35
1346	16.44
1347	17.85
1348	8.965
1349	6.565
1350	7.356
1351	16.39
1352	2.493
1353	2.144
1354	16.97
1355	1.654
1356	8.236
1357	7.163
1358	9.462
1359	3.362
1360	8.897
1361	10.2
1362	11.13
1363	10.83
1364	10.27
1365	9.246
1366	11.78
1367	13.32
1368	8.532
1369	12.0
1370	10.65
1371	5.362
1372	11.29
1373	8.932
1374	9.319
1375	11.58
1376	13.09
1377	14.89
1378	14.87
1379	10.39
1380	11.92
1381	11.94
1382	12.29
1383	11.74
1384	2.451
1385	9.379
1386	9.735
1387	8.041
1388	-2.543
1389	8.792
1390	6.506
1391	6.174
1392	6.013
1393	-6.663
1394	7.911
1395	3.543
1396	7.991
1397	8.48
1398	9.658
1399	-0.0911
1400	-4.652
1401	17.97
1402	4.634
1403	10.63
1404	13.91
1405	10.3
1406	10.07
1407	9.344
1408	9.305
1409	9.06
1410	9.266
1411	10.39
1412	10.5
1413	10.6
1414	11.09
1415	3.229
1416	15.13
1417	5.843
1418	3.949
1419	9.282
1420	6.637
1421	3.075
1422	5.926
1423	7.049
1424	11.64
1425	11.33
1426	11.05
1427	4.237
1428	4.498
1429	1.656
1430	4.05
1431	5.116
1432	7.545
1433	5.013
1434	-4.935
1435	20.42
1436	19.35
1437	6.915
1438	2.958
1439	10.99
1440	11.07
1441	12.59
1442	6.786
1443	8.214
1444	8.76
1445	18.03
1446	10.06
1447	14.3
1448	6.199
1449	6.822
1450	1.418
1451	14.19
1452	3.509
1453	17.73
1454	7.577
1455	8.594
1456	10.12
1457	-1.521
1458	8.956
1459	4.29
1460	1.689
1461	9.359
1462	6.973
1463	7.104
1464	4.958
1465	7.801
1466	7.263
1467	-0.4947
1468	6.601
1469	10.53
1470	6.892
1471	6.138
1472	9.596
1473	8.696
1474	11.52
1475	11.52
1476	11.87
1477	11.15
1478	10.86
1479	11.02
1480	10.85
1481	11.51
1482	1.973
1483	-0.02705
1484	6.632
1485	0.6652
1486	6.764
1487	2.424
1488	4.023
1489	1.428
1490	4.638
1491	10.08
1492	10.85
1493	3.299
1494	10.01
1495	4.342
1496	12.68
1497	1.441
1498	-0.5628
1499	0.0364
1500	3.565
1001	1.56
1002	5.631
1003	0.7818
1004	7.314
1005	1.618
1006	4.681
1007	15.62
1008	12.24
1009	19.87
1010	12.47
1011	12.71
1012	11.41
1013	7.612
1014	3.532
1015	8.452
1016	4.678
1017	11.98
1018	12.51
1019	3.407
1020	2.267
1021	3.466
1022	1.876
1023	5.113
1024	2.622
1025	8.281
1026	16.4
1027	4.975
1028	0.741
1029	2.032
1030	4.743
1031	1.913
1032	5.446
1033	13.08
1034	15.17
1035	8.006
1036	3.714
1037	17.27
1038	6.377
1039	7.085
1040	3.227
1041	1.656
1042	0.5111
1043	0.06882
1044	0.264
1045	0.6841
1046	0.2628
1047	0.2982
1048	0.3945
1049	6.208
1050	8.688
1051	11.51
1052	9.027
1053	2.867
1054	3.452
1055	0.2012
1056	0.3202
1057	0.6494
1058	8.298
1059	7.174
1060	14.33
1061	7.018
1062	23.96
1063	3.337
1064	1.324
1065	4.963
1066	9.989
1067	2.573
1068	1.663
1069	2.985
1070	2.672
1071	1.687
1072	11.82
1073	12.08
1074	10.18
1075	11.25
1076	3.282
1077	14.35
1078	3.481
1079	5.052
1080	4.742
1081	20.81
1082	3.687
1083	3.297
1084	7.357
1085	2.138
1086	11.01
1087	4.699
1088	4.345
1089	7.031
1090	11.99
1091	11.43
1092	4.949
1093	7.265
1094	6.149
1095	3.504
1096	6.538
1097	15.14
1098	5.614
1099	5.748
1100	4.228
1101	1.833
1102	5.184
1103	5.55
1104	6.335
1105	4.516
1106	11.51
1107	4.565
1108	18.61
1109	8.337
1110	5.886
1111	2.851
1112	1.941
1113	2.676
1114	15.4
1115	1.812
1116	6.893
1117	6.653
1118	3.809
1119	24.82
1120	27.25
1121	7.626
1122	14.7
1123	5.725
1124	17.67
1125	12.53
1126	10.25
1127	7.842
1128	12.73
1129	12.7
1130	7.016
1131	11.41
1132	10.81
1133	10.52
1134	6.061
1135	4.128
1136	2.545
1137	6.388
1138	23.73
1139	7.723
1140	5.392
1141	5.25
1142	3.845
1143	9.666
1144	9.059
1145	10.73
1146	14.34
1147	8.795
1148	6.026
1149	6.199
1150	9.919
1151	13.39
1152	7.446
1153	9.185
1154	6.813
1155	3.676
1156	4.908
1157	7.916
1158	11.76
1159	14.93
1160	14.39
1161	7.665
1162	12.44
1163	4.256
1164	10.75
1165	7.432
1166	6.383
1167	3.56
1168	10.48
1169	1.194
1170	0.5597
1171	0.1004
1172	0.08563
1173	0.03145
1174	0.04712
1175	0.03877
1176	1.654
1177	6.495
1178	2.503
1179	1.154
1180	3.072
1181	10.24
1182	8.682
1183	1.857
1184	4.541
1185	2.419
1186	5.884
1187	10.66
1188	1.126
1189	1.04
1190	0.5536
1191	3.151
1192	8.354
1193	5.132
1194	22.04
1195	8.736
1196	7.226
1197	6.36
1198	6.688
1199	1.457
1200	2.737
1201	4.69
1202	2.561
1203	6.751
1204	12.76
1205	11.46
1206	26.7
1207	3.927
1208	8.337
1209	15.88
1210	13.79
1211	13.8
1212	23.79
1213	5.62
1214	8.746
1215	9.859
1216	24.96
1217	8.074
1218	21.26
1219	8.378
1220	8.128
1221	18.77
1222	2.872
1223	5.355
1224	6.671
1225	10.89
1226	11.01
1227	7.151
1228	7.54
1229	12.61
1230	7.099
1231	16.39
1232	9.226
1233	8.459
1234	6.908
1235	7.953
1236	14.81
1237	4.238
1238	2.337
1239	10.49
1240	12.69
1241	0.8505
1242	2.267
1243	4.685
1244	15.16
1245	4.638
1246	5.689
1247	8.821
1248	11.65
1249	4.824
1250	1.018
1251	0.5489
1252	0.876
1253	0.2487
1254	1.289
1255	1.501
1256	1.206
1257	1.66
1258	10.86
1259	7.92
1260	6.549
1261	17.84
1262	7.259
1263	3.657
1264	10.72
1265	8.91
1266	6.265
1267	8.018
1268	9.364
1269	6.999
1270	5.624
1271	0.8558
1272	1.051
1273	1.982
1274	7.061
1275	1.936
1276	1.203
1277	3.585
1278	8.288
1279	8.713
1280	9.067
1281	2.994
1282	2.962
1283	8.168
1284	7.49
1285	9.419
1286	6.691
1287	22.67
1288	12.15
1289	25.38
1290	5.612
1291	7.559
1292	13.74
1293	4.14
1294	4.993
1295	7.185
1296	3.573
1297	9.602
1298	11.63
1299	8.498
1300	4.143
1301	1.98
1302	5.922
1303	15.52
1304	5.052
1305	7.306
1306	3.172
1307	4.517
1308	2.768
1309	10.32
1310	5.65
1311	5.182
1312	23.32
1313	34.07
1314	8.607
1315	11.3
1316	2.763
1317	0.3687
1318	1.529
1319	0.5879
1320	1.357
1321	2.675
1322	5.469
1323	4.349
1324	10.27
1325	6.255
1326	3.428
1327	14.34
1328	5.645
1329	4.645
1330	6.248
1331	5.296
1332	5.425
1333	7.203
1334	4.119
1335	40.39
1336	2.472
1337	10.21
1338	2.984
1339	20.24
1340	19.39
1341	9.238
1342	7.729
1343	6.068
1344	10.37
1345	6.317
1346	9.19
1347	5.161
1348	5.866
1349	9.072
1350	4.394
1351	7.078
1352	5.934
1353	6.719
1354	10.88
1355	5.318
1356	8.229
1357	1.558
1358	3.437
1359	2.19
1360	0.6099
1361	0.4601
1362	0.459
1363	0.7235
1364	0.4713
1365	0.6432
1366	1.145
1367	1.993
1368	0.7756
1369	3.23
1370	3.853
1371	2.288
1372	3.365
1373	0.7834
1374	0.1938
1375	0.8118
1376	1.698
1377	3.041
1378	7.677
1379	1.813
1380	1.319
1381	1.184
1382	0.8127
1383	2.501
1384	5.574
1385	4.783
1386	3.188
1387	5.561
1388	11.19
1389	9.522
1390	4.699
1391	10.6
1392	8.549
1393	15.28
1394	6.661
1395	1.529
1396	8.528
1397	1.447
1398	1.811
1399	4.889
1400	26.75
1401	19.37
1402	10.26
1403	1.96
1404	3.316
1405	1.011
1406	0.5976
1407	0.0767
1408	0.1139
1409	0.1324
1410	0.4282
1411	0.1001
1412	0.5503
1413	1.191
1414	9.312
1415	12.7
1416	8.569
1417	3.502
1418	7.448
1419	5.605
1420	9.284
1421	10.16
1422	3.926
1423	11.22
1424	13.97
1425	9.541
1426	1.994
1427	2.15
1428	3.623
1429	6.198
1430	1.399
1431	1.054
1432	4.591
1433	7.162
1434	8.221
1435	13.26
1436	13.74
1437	12.37
1438	7.883
1439	4.749
1440	2.866
1441	16.66
1442	21.18
1443	10.48
1444	8.349
1445	15.94
1446	6.534
1447	27.35
1448	2.39
1449	5.329
1450	7.422
1451	8.575
1452	7.967
1453	7.582
1454	3.09
1455	6.586
1456	9.955
1457	14.71
1458	16.67
1459	5.952
1460	2.299
1461	24.06
1462	8.525
1463	6.654
1464	3.311
1465	4.429
1466	5.99
1467	7.766
1468	11.84
1469	4.364
1470	4.95
1471	3.863
1472	3.123
1473	1.292
1474	0.9095
1475	0.9413
1476	1.605
1477	0.1929
1478	0.2538
1479	0.4073
1480	1.095
1481	8.224
1482	3.628
1483	11.18
1484	9.186
1485	5.545
1486	17.58
1487	11.43
1488	6.681
1489	15.27
1490	6.566
1491	9.832
1492	7.438
1493	2.511
1494	3.072
1495	12.33
1496	6.276
1497	15.63
1498	37.87
1499	1.924
1500	1.826
1001	4.172
1002	4.808
1003	10.7
1004	12.43
1005	21.25
1006	27.43
1007	28.49
1008	23.38
1009	4.855
1010	9.682
1011	14.71
1012	12.01
1013	24.41
1014	14.67
1015	17.89
1016	7.362
1017	6.122
1018	19.63
1019	8.09
1020	9.289
1021	11.91
1022	12.69
1023	6.343
1024	8.06
1025	21.1
1026	11.49
1027	-0.1193
1028	-0.4376
1029	5.702
1030	6.779
1031	5.94
1032	13.27
1033	28.6
1034	9.012
1035	12.78
1036	14.2
1037	-2.56
1038	1.695
1039	19.99
1040	11.13
1041	2.615
1042	0.05155
1043	-0.8674
1044	-0.3588
1045	-0.6964
1046	-1.229
1047	-1.131
1048	-0.1726
1049	5.941
1050	-0.6412
1051	23.43
1052	9.043
1053	10.25
1054	9.0
1055	3.111
1056	4.095
1057	4.833
1058	-7.337
1059	9.706
1060	26.84
1061	22.55
1062	26.14
1063	8.342
1064	8.571
1065	16.51
1066	28.1
1067	7.65
1068	6.475
1069	2.473
1070	7.739
1071	9.043
1072	5.405
1073	-9.324
1074	26.87
1075	11.77
1076	11.27
1077	6.332
1078	14.65
1079	14.05
1080	14.45
1081	12.44
1082	7.177
1083	7.441
1084	12.23
1085	4.361
1086	2.061
1087	8.045
1088	8.419
1089	19.15
1090	0.2702
1091	16.13
1092	16.39
1093	8.058
1094	7.15
1095	6.716
1096	2.327
1097	5.31
1098	15.54
1099	8.506
1100	10.25
1101	12.05
1102	8.339
1103	-1.37
1104	15.02
1105	7.413
1106	8.747
1107	9.023
1108	-6.421
1109	3.267
1110	10.24
1111	8.449
1112	11.45
1113	4.732
1114	18.34
1115	4.212
1116	-0.7608
1117	2.086
1118	15.75
1119	40.74
1120	-0.08335
1121	16.33
1122	-2.909
1123	8.034
1124	34.34
1125	15.81
1126	4.723
1127	8.362
1128	19.58
1129	2.016
1130	26.61
1131	30.44
1132	24.36
1133	25.25
1134	18.73
1135	7.925
1136	9.682
1137	6.17
1138	19.01
1139	24.52
1140	3.674
1141	18.01
1142	9.052
1143	9.571
1144	5.171
1145	22.51
1146	32.24
1147	9.777
1148	6.3
1149	-7.376
1150	28.57
1151	16.72
1152	13.42
1153	13.24
1154	3.761
1155	5.273
1156	0.6334
1157	13.55
1158	17.99
1159	8.781
1160	10.95
1161	8.513
1162	17.16
1163	4.253
1164	9.876
1165	26.64
1166	4.445
1167	10.58
1168	21.63
1169	8.686
1170	8.128
1171	7.545
1172	7.793
1173	7.806
1174	7.917
1175	7.961
1176	7.038
1177	9.501
1178	-1.462
1179	10.02
1180	8.935
1181	6.872
1182	4.089
1183	6.378
1184	10.06
1185	17.79
1186	1.478
1187	15.76
1188	9.648
1189	8.148
1190	9.681
1191	14.63
1192	7.867
1193	14.24
1194	20.87
1195	19.2
1196	1.242
1197	2.478
1198	24.13
1199	11.5
1200	5.044
1201	4.875
1202	2.364
1203	15.51
1204	24.75
1205	15.75
1206	29.78
1207	5.823
1208	20.75
1209	25.96
1210	17.36
1211	20.26
1212	22.74
1213	6.768
1214	13.51
1215	15.02
1216	25.27
1217	8.617
1218	16.72
1219	36.43
1220	12.97
1221	7.806
1222	5.764
1223	12.52
1224	12.72
1225	13.13
1226	15.86
1227	20.26
1228	31.67
1229	20.91
1230	12.72
1231	31.88
1232	6.557
1233	9.506
1234	16.97
1235	38.73
1236	15.63
1237	11.85
1238	16.11
1239	10.45
1240	24.11
1241	6.614
1242	1.696
1243	14.55
1244	19.96
1245	9.015
1246	8.679
1247	22.12
1248	24.79
1249	8.509
1250	12.24
1251	11.03
1252	11.34
1253	9.907
1254	10.35
1255	12.9
1256	10.52
1257	12.34
1258	7.783
1259	17.3
1260	5.659
1261	16.53
1262	9.963
1263	9.017
1264	8.135
1265	29.54
1266	13.05
1267	10.47
1268	25.45
1269	17.89
1270	1.926
1271	12.94
1272	12.61
1273	10.55
1274	8.908
1275	14.71
1276	7.745
1277	5.85
1278	4.651
1279	16.14
1280	22.39
1281	4.949
1282	8.483
1283	6.837
1284	16.38
1285	9.648
1286	7.999
1287	30.2
1288	19.34
1289	33.63
1290	20.77
1291	13.52
1292	1.575
1293	14.22
1294	6.668
1295	-0.1078
1296	12.85
1297	27.46
1298	21.7
1299	10.03
1300	4.104
1301	6.628
1302	0.8584
1303	13.84
1304	16.85
1305	13.21
1306	14.15
1307	24.22
1308	4.717
1309	12.68
1310	17.37
1311	9.698
1312	25.02
1313	32.21
1314	3.84
1315	15.47
1316	9.13
1317	6.256
1318	10.03
1319	9.559
1320	8.476
1321	10.41
1322	10.73
1323	13.69
1324	19.17
1325	1.337
1326	17.61
1327	15.59
1328	5.799
1329	14.63
1330	19.46
1331	20.98
1332	17.1
1333	8.356
1334	4.705
1335	25.42
1336	7.088
1337	-3.444
1338	17.7
1339	33.86
1340	4.676
1341	17.15
1342	7.243
1343	-0.4923
1344	25.52
1345	5.708
1346	22.11
1347	20.36
1348	16.33
1349	2.339
1350	13.84
1351	15.81
1352	4.377
1353	11.55
1354	17.55
1355	2.281
1356	19.57
1357	8.024
1358	12.38
1359	2.825
1360	8.953
1361	9.892
1362	12.17
1363	11.06
1364	9.633
1365	8.758
1366	11.45
1367	16.87
1368	7.286
1369	16.29
1370	13.74
1371	4.638
1372	17.56
1373	9.874
1374	9.762
1375	12.29
1376	13.72
1377	16.68
1378	10.73
1379	9.344
1380	11.62
1381	12.82
1382	13.08
1383	9.711
1384	4.1
1385	11.0
1386	10.46
1387	11.99
1388	4.644
1389	12.98
1390	8.504
1391	10.61
1392	12.5
1393	13.46
1394	25.82
1395	6.009
1396	21.55
1397	10.36
1398	10.64
1399	2.288
1400	15.36
1401	43.03
1402	18.73
1403	11.44
1404	15.01
1405	10.21
1406	10.24
1407	9.341
1408	9.194
1409	9.042
1410	9.303
1411	10.28
1412	9.857
1413	10.59
1414	22.55
1415	2.278
1416	17.79
1417	9.189
1418	11.38
1419	12.72
1420	9.922
1421	6.524
1422	-1.609
1423	4.378
1424	14.99
1425	17.44
1426	14.07
1427	3.379
1428	7.104
1429	4.808
1430	2.491
1431	6.625
1432	11.77
1433	15.49
1434	12.39
1435	22.75
1436	36.6
1437	17.04
1438	9.474
1439	19.87
1440	13.6
1441	14.92
1442	17.93
1443	29.73
1444	15.65
1445	14.44
1446	5.414
1447	53.35
1448	6.731
1449	5.963
1450	-2.154
1451	7.1
1452	9.058
1453	21.01
1454	9.332
1455	10.71
1456	30.48
1457	40.34
1458	17.69
1459	10.26
1460	-1.785
1461	23.8
1462	8.585
1463	2.649
1464	5.274
1465	3.003
1466	7.146
1467	22.68
1468	28.17
1469	14.52
1470	10.83
1471	10.71
1472	10.69
1473	7.996
1474	12.29
1475	12.77
1476	11.57
1477	10.79
1478	11.01
1479	10.53
1480	12.04
1481	16.48
1482	3.207
1483	8.431
1484	8.26
1485	7.159
1486	24.84
1487	12.13
1488	10.98
1489	13.9
1490	-2.148
1491	18.98
1492	11.76
1493	0.2744
1494	7.518
1495	17.04
1496	-1.649
1497	28.42
1498	46.62
1499	0.6206
1500	4.418
1001	3.27
1002	-1.625
1003	8.448
1004	18.3
1005	16.83
1006	17.37
1007	-1.109
1008	7.003
1009	18.81
1010	7.181
1011	-4.871
1012	10.39
1013	4.24
1014	14.03
1015	-0.7932
1016	4.934
1017	2.753
1018	6.735
1019	3.586
1020	7.002
1021	13.23
1022	13.15
1023	8.595
1024	3.719
1025	15.77
1026	16.78
1027	4.802
1028	1.838
1029	5.741
1030	7.535
1031	2.474
1032	15.41
1033	25.29
1034	5.896
1035	13.73
1036	9.288
1037	10.64
1038	12.98
1039	13.02
1040	3.22
1041	2.811
1042	1.075
1043	-0.8696
1044	-0.5052
1045	-0.9877
1046	-1.062
1047	-1.105
1048	-0.1827
1049	-0.3388
1050	-0.3798
1051	-7.673
1052	12.19
1053	10.41
1054	5.709
1055	3.286
1056	3.062
1057	6.818
1058	4.1
1059	6.237
1060	7.252
1061	11.52
1062	10.56
1063	9.154
1064	8.922
1065	12.78
1066	12.43
1067	6.754
1068	7.157
1069	1.533
1070	1.35
1071	13.68
1072	8.449
1073	6.231
1074	25.06
1075	5.568
1076	10.79
1077	21.37
1078	13.41
1079	20.19
1080	22.87
1081	5.827
1082	2.781
1083	6.51
1084	8.709
1085	1.693
1086	0.5263
1087	9.027
1088	15.67
1089	-1.245
1090	17.22
1091	7.301
1092	6.168
1093	12.61
1094	-2.907
1095	3.382
1096	-3.15
1097	3.288
1098	11.3
1099	12.52
1100	12.42
1101	13.65
1102	8.657
1103	1.327
1104	14.91
1105	4.27
1106	16.73
1107	3.513
1108	-4.913
1109	-0.4488
1110	2.83
1111	8.247
1112	11.91
1113	2.328
1114	12.47
1115	8.588
1116	-0.5184
1117	10.85
1118	6.663
1119	16.13
1120	7.851
1121	8.635
1122	5.23
1123	7.294
1124	7.866
1125	-0.7308
1126	10.26
1127	9.403
1128	-3.305
1129	8.129
1130	-0.9209
1131	18.93
1132	0.03939
1133	14.45
1134	4.197
1135	9.993
1136	4.551
1137	-4.964
1138	-0.3246
1139	18.94
1140	-6.917
1141	8.638
1142	10.73
1143	-1.752
1144	0.158
1145	7.285
1146	10.35
1147	11.04
1148	7.681
1149	-5.814
1150	8.336
1151	5.83
1152	2.59
1153	-0.7378
1154	8.699
1155	4.936
1156	-1.161
1157	10.72
1158	9.466
1159	-11.64
1160	4.246
1161	6.038
1162	13.54
1163	6.709
1164	15.61
1165	13.57
1166	7.398
1167	11.15
1168	5.739
1169	9.591
1170	6.371
1171	7.544
1172	7.911
1173	7.819
1174	7.881
1175	7.989
1176	9.676
1177	0.2118
1178	-5.87
1179	9.234
1180	0.8839
1181	-0.4541
1182	1.677
1183	2.853
1184	16.43
1185	17.68
1186	8.925
1187	15.99
1188	11.31
1189	9.341
1190	11.08
1191	15.39
1192	20.22
1193	9.559
1194	0.9197
1195	-2.656
1196	5.361
1197	11.69
1198	17.82
1199	6.785
1200	11.67
1201	6.174
1202	6.59
1203	6.967
1204	8.734
1205	6.638
1206	13.59
1207	6.218
1208	7.458
1209	-1.008
1210	12.57
1211	7.297
1212	13.13
1213	8.891
1214	9.88
1215	0.3796
1216	-2.202
1217	13.36
1218	19.68
1219	16.43
1220	4.067
1221	2.764
1222	10.72
1223	12.45
1224	12.29
1225	-1.822
1226	-3.904
1227	14.36
1228	19.21
1229	11.82
1230	13.46
1231	6.543
1232	7.956
1233	16.32
1234	11.91
1235	18.59
1236	4.666
1237	13.58
1238	15.63
1239	12.75
1240	-4.634
1241	5.425
1242	7.451
1243	8.283
1244	11.54
1245	4.155
1246	-2.575
1247	3.821
1248	12.32
1249	12.36
1250	11.33
1251	11.73
1252	10.81
1253	10.12
1254	9.647
1255	9.742
1256	12.79
1257	11.07
1258	-2.257
1259	21.04
1260	4.756
1261	18.61
1262	-18.04
1263	7.359
1264	-1.456
1265	14.43
1266	2.522
1267	17.46
1268	17.15
1269	24.95
1270	15.83
1271	11.94
1272	12.74
1273	11.83
1274	11.4
1275	11.17
1276	7.948
1277	9.753
1278	3.356
1279	2.385
1280	11.79
1281	12.29
1282	8.528
1283	2.953
1284	20.16
1285	8.552
1286	20.22
1287	32.74
1288	8.915
1289	7.468
1290	8.451
1291	18.2
1292	1.786
1293	5.016
1294	16.44
1295	5.572
1296	14.54
1297	0.6822
1298	13.21
1299	7.771
1300	-1.103
1301	9.168
1302	7.904
1303	11.98
1304	10.48
1305	10.03
1306	12.42
1307	14.7
1308	7.582
1309	7.6
1310	7.922
1311	2.849
1312	8.362
1313	8.54
1314	0.5499
1315	4.124
1316	10.29
1317	6.946
1318	5.925
1319	9.262
1320	8.156
1321	6.356
1322	8.274
1323	7.323
1324	11.39
1325	3.154
1326	5.975
1327	5.124
1328	20.93
1329	7.199
1330	6.234
1331	15.69
1332	18.76
1333	16.79
1334	9.87
1335	4.474
1336	6.716
1337	0.1596
1338	12.69
1339	-13.4
1340	14.89
1341	-3.464
1342	7.002
1343	12.77
1344	3.701
1345	4.261
1346	18.99
1347	14.35
1348	1.44
1349	-5.305
1350	6.673
1351	5.214
1352	5.896
1353	1.712
1354	9.039
1355	5.195
1356	10.14
1357	7.976
1358	6.457
1359	2.625
1360	8.931
1361	9.788
1362	11.39
1363	12.1
1364	10.75
1365	8.664
1366	12.51
1367	11.17
1368	9.263
1369	8.231
1370	8.475
1371	8.181
1372	12.47
1373	8.523
1374	9.385
1375	12.83
1376	11.88
1377	15.55
1378	13.44
1379	9.812
1380	10.49
1381	11.09
1382	12.32
1383	10.36
1384	1.759
1385	13.68
1386	11.21
1387	9.083
1388	5.342
1389	3.958
1390	6.27
1391	10.18
1392	9.902
1393	3.085
1394	9.801
1395	3.047
1396	7.181
1397	8.03
1398	9.283
1399	-5.4
1400	6.217
1401	15.92
1402	4.495
1403	12.41
1404	15.36
1405	10.85
1406	10.03
1407	9.355
1408	9.297
1409	8.964
1410	8.986
1411	10.27
1412	10.59
1413	9.764
1414	4.96
1415	1.547
1416	10.39
1417	9.418
1418	9.52
1419	7.248
1420	10.68
1421	6.422
1422	2.877
1423	12.85
1424	1.518
1425	1.525
1426	10.34
1427	0.8727
1428	4.439
1429	5.869
1430	4.501
1431	5.082
1432	10.37
1433	2.245
1434	-4.052
1435	13.07
1436	16.08
1437	-0.7167
1438	-7.719
1439	9.698
1440	9.037
1441	3.488
1442	24.06
1443	7.51
1444	13.99
1445	19.45
1446	2.607
1447	15.21
1448	8.936
1449	6.529
1450	5.612
1451	-2.075
1452	5.356
1453	14.23
1454	5.594
1455	1.104
1456	4.968
1457	19.1
1458	4.941
1459	7.737
1460	3.155
1461	13.9
1462	7.752
1463	4.391
1464	7.088
1465	6.875
1466	7.983
1467	2.341
1468	9.622
1469	10.68
1470	2.902
1471	6.707
1472	10.26
1473	7.063
1474	11.17
1475	10.26
1476	12.92
1477	11.13
1478	10.76
1479	11.02
1480	12.02
1481	13.11
1482	-0.7667
1483	8.693
1484	3.426
1485	4.568
1486	5.628
1487	8.134
1488	13.7
1489	-3.037
1490	2.525
1491	9.091
1492	10.02
1493	6.845
1494	12.63
1495	1.244
1496	9.313
1497	10.49
1498	13.91
1499	-0.1623
1500	4.085
1001	4.211
1002	5.317
1003	8.883
1004	2.978
1005	17.44
1006	20.8
1007	14.18
1008	7.706
1009	-13.62
1010	-10.8
1011	-12.09
1012	7.214
1013	15.9
1014	16.1
1015	3.253
1016	6.518
1017	6.186
1018	-8.958
1019	4.091
1020	9.698
1021	7.682
1022	10.08
1023	8.27
1024	10.53
1025	18.53
1026	3.588
1027	-2.379
1028	-0.8158
1029	0.5419
1030	6.308
1031	10.82
1032	13.97
1033	10.61
1034	14.98
1035	-0.113
1036	10.85
1037	7.312
1038	-1.456
1039	3.016
1040	2.99
1041	1.011
1042	0.8495
1043	-0.8272
1044	-0.4911
1045	-1.45
1046	-1.131
1047	-0.9463
1048	-0.4203
1049	-4.844
1050	4.703
1051	-15.13
1052	-1.1
1053	9.724
1054	4.666
1055	2.996
1056	3.465
1057	6.24
1058	-7.346
1059	-7.462
1060	-5.015
1061	7.395
1062	1.177
1063	14.55
1064	5.99
1065	3.595
1066	17.15
1067	15.83
1068	6.391
1069	3.175
1070	3.937
1071	11.39
1072	16.93
1073	3.247
1074	-4.252
1075	-1.859
1076	10.83
1077	5.15
1078	18.63
1079	10.83
1080	8.062
1081	-18.81
1082	9.067
1083	11.6
1084	1.626
1085	3.528
1086	13.83
1087	4.781
1088	4.799
1089	10.9
1090	-3.876
1091	16.19
1092	4.507
1093	-2.132
1094	-9.909
1095	11.09
1096	2.346
1097	27.7
1098	14.25
1099	19.12
1100	2.95
1101	13.34
1102	-1.413
1103	-0.3868
1104	16.33
1105	-2.567
1106	5.209
1107	5.82
1108	-8.663
1109	-2.746
1110	10.99
1111	9.586
1112	9.536
1113	2.239
1114	20.03
1115	6.72
1116	-5.124
1117	9.321
1118	9.237
1119	8.786
1120	-16.58
1121	8.062
1122	-21.11
1123	8.771
1124	11.87
1125	2.845
1126	9.13
1127	5.145
1128	-7.459
1129	8.451
1130	-6.449
1131	14.79
1132	15.68
1133	6.636
1134	8.41
1135	2.725
1136	8.313
1137	-4.373
1138	7.82
1139	-9.227
1140	-0.6695
1141	2.524
1142	8.069
1143	-10.17
1144	17.56
1145	8.344
1146	4.915
1147	15.45
1148	6.636
1149	4.424
1150	-0.9055
1151	5.759
1152	-1.832
1153	5.479
1154	-7.384
1155	7.765
1156	-3.831
1157	1.278
1158	-2.531
1159	-7.65
1160	4.537
1161	7.24
1162	13.11
1163	6.669
1164	-3.097
1165	10.66
1166	-21.17
1167	9.632
1168	7.149
1169	8.384
1170	7.693
1171	7.466
1172	7.797
1173	7.831
1174	7.935
1175	7.858
1176	11.43
1177	-3.652
1178	-2.238
1179	9.733
1180	7.447
1181	0.8212
1182	23.54
1183	9.72
1184	12.47
1185	15.89
1186	1.803
1187	-2.337
1188	10.84
1189	8.9
1190	9.867
1191	17.7
1192	-2.342
1193	11.44
1194	-21.56
1195	15.87
1196	-2.85
1197	6.233
1198	11.0
1199	10.56
1200	4.901
1201	10.16
1202	3.35
1203	-8.294
1204	5.482
1205	11.06
1206	-0.9202
1207	3.953
1208	-1.331
1209	30.86
1210	13.62
1211	13.4
1212	25.63
1213	6.524
1214	6.692
1215	10.57
1216	-29.32
1217	8.413
1218	-2.592
1219	15.76
1220	-5.284
1221	-4.719
1222	4.827
1223	4.371
1224	6.704
1225	11.4
1226	-6.938
1227	16.56
1228	6.607
1229	8.269
1230	20.2
1231	31.64
1232	18.49
1233	12.03
1234	1.923
1235	16.82
1236	12.27
1237	19.45
1238	12.07
1239	3.354
1240	-2.502
1241	4.912
1242	5.844
1243	6.578
1244	-7.876
1245	7.455
1246	-11.73
1247	1.183
1248	5.853
1249	13.05
1250	11.7
1251	11.7
1252	11.22
1253	10.13
1254	9.544
1255	8.134
1256	13.02
1257	9.556
1258	-9.094
1259	-10.4
1260	-5.565
1261	-18.31
1262	-4.414
1263	3.569
1264	-8.438
1265	10.66
1266	6.48
1267	11.06
1268	29.18
1269	13.06
1270	-9.711
1271	12.07
1272	10.74
1273	13.93
1274	21.46
1275	8.732
1276	11.96
1277	13.1
1278	6.569
1279	-3.211
1280	2.761
1281	9.382
1282	9.654
1283	-3.753
1284	-8.628
1285	1.868
1286	17.23
1287	-5.94
1288	-2.682
1289	12.97
1290	16.42
1291	11.01
1292	15.18
1293	13.23
1294	11.59
1295	8.097
1296	15.23
1297	-15.91
1298	-1.451
1299	6.4
1300	-5.855
1301	11.94
1302	6.924
1303	7.301
1304	0.3966
1305	5.938
1306	10.09
1307	11.39
1308	8.876
1309	5.22
1310	10.8
1311	1.255
1312	10.07
1313	11.46
1314	17.15
1315	-16.42
1316	8.937
1317	6.135
1318	11.12
1319	8.83
1320	8.715
1321	7.245
1322	9.278
1323	12.63
1324	14.85
1325	3.166
1326	10.95
1327	23.76
1328	11.82
1329	2.041
1330	16.16
1331	6.354
1332	6.048
1333	17.15
1334	4.651
1335	15.32
1336	6.339
1337	-13.28
1338	16.95
1339	28.88
1340	2.42
1341	-6.081
1342	-1.826
1343	9.708
1344	16.85
1345	9.156
1346	9.932
1347	17.69
1348	9.261
1349	0.4617
1350	12.39
1351	22.73
1352	2.992
1353	11.22
1354	-3.547
1355	2.013
1356	14.91
1357	6.792
1358	13.48
1359	3.614
1360	9.431
1361	10.01
1362	11.33
1363	10.88
1364	10.02
1365	10.54
1366	12.5
1367	10.67
1368	9.233
1369	19.36
1370	6.444
1371	3.791
1372	8.173
1373	8.621
1374	9.086
1375	11.87
1376	11.79
1377	17.77
1378	13.66
1379	9.172
1380	11.19
1381	13.89
1382	13.91
1383	11.46
1384	1.102
1385	8.325
1386	11.37
1387	4.03
1388	5.674
1389	5.821
1390	9.87
1391	12.63
1392	2.637
1393	5.908
1394	-0.8025
1395	5.289
1396	-0.4986
1397	8.098
1398	12.31
1399	-7.094
1400	5.79
1401	14.43
1402	-2.864
1403	10.68
1404	12.27
1405	9.256
1406	8.938
1407	9.304
1408	9.198
1409	9.049
1410	9.875
1411	10.29
1412	11.06
1413	12.43
1414	18.95
1415	2.589
1416	8.065
1417	5.493
1418	-8.037
1419	7.344
1420	-2.397
1421	11.3
1422	5.052
1423	15.18
1424	-8.763
1425	2.715
1426	10.83
1427	5.953
1428	10.56
1429	3.683
1430	5.399
1431	3.654
1432	10.95
1433	5.018
1434	-4.44
1435	4.489
1436	1.245
1437	-2.553
1438	-5.065
1439	8.875
1440	10.41
1441	-17.86
1442	0.3608
1443	9.527
1444	1.818
1445	1.733
1446	13.93
1447	7.57
1448	9.335
1449	-4.629
1450	-6.516
1451	12.07
1452	2.737
1453	12.44
1454	9.535
1455	-5.049
1456	19.58
1457	-5.893
1458	-2.517
1459	5.893
1460	5.74
1461	12.96
1462	14.61
1463	4.27
1464	4.297
1465	4.194
1466	2.431
1467	-5.468
1468	-8.71
1469	2.634
1470	9.4
1471	6.829
1472	14.71
1473	8.428
1474	10.85
1475	11.31
1476	11.15
1477	11.02
1478	11.08
1479	11.93
1480	12.82
1481	19.05
1482	4.104
1483	-0.1997
1484	-1.473
1485	2.124
1486	-19.39
1487	-11.4
1488	3.064
1489	-2.797
1490	14.01
1491	10.79
1492	10.33
1493	3.936
1494	14.25
1495	-1.482
1496	8.01
1497	13.83
1498	-13.24
1499	1.189
1500	1.163
1001	2.737
1002	8.128
1003	8.118
1004	3.985
1005	18.52
1006	16.05
1007	17.49
1008	-0.7372
1009	7.599
1010	11.26
1011	9.389
1012	4.661
1013	14.76
1014	8.726
1015	1.179
1016	4.99
1017	4.972
1018	6.819
1019	11.25
1020	9.399
1021	19.69
1022	10.53
1023	2.418
1024	6.096
1025	7.258
1026	22.89
1027	5.703
1028	-0.2216
1029	4.458
1030	4.514
1031	2.328
1032	4.385
1033	7.29
1034	2.734
1035	14.53
1036	14.74
1037	-0.3414
1038	11.88
1039	5.955
1040	4.319
1041	0.818
1042	0.4826
1043	-0.6887
1044	-0.9199
1045	-1.896
1046	-1.264
1047	-0.7135
1048	-1.281
1049	10.09
1050	-7.387
1051	9.807
1052	5.356
1053	18.04
1054	10.25
1055	3.159
1056	4.147
1057	5.765
1058	-3.69
1059	8.799
1060	11.84
1061	20.97
1062	15.05
1063	12.86
1064	7.704
1065	8.491
1066	19.01
1067	12.82
1068	4.442
1069	0.8946
1070	6.966
1071	5.193
1072	17.39
1073	11.65
1074	9.497
1075	20.27
1076	6.914
1077	8.644
1078	16.79
1079	8.682
1080	6.062
1081	-9.462
1082	8.68
1083	10.86
1084	-2.883
1085	4.663
1086	18.63
1087	11.2
1088	10.09
1089	13.54
1090	10.53
1091	10.44
1092	3.049
1093	10.45
1094	7.014
1095	5.108
1096	7.299
1097	7.108
1098	8.083
1099	12.75
1100	8.867
1101	11.18
1102	2.556
1103	-5.328
1104	16.87
1105	3.46
1106	4.13
1107	3.99
1108	13.38
1109	7.074
1110	14.96
1111	8.261
1112	8.927
1113	6.315
1114	15.06
1115	9.0
1116	11.67
1117	-6.374
1118	9.189
1119	14.32
1120	-0.8115
1121	4.537
1122	1.578
1123	20.55
1124	7.843
1125	-2.282
1126	-5.74
1127	10.65
1128	8.101
1129	7.308
1130	5.847
1131	17.87
1132	8.939
1133	0.1944
1134	8.786
1135	3.542
1136	4.294
1137	7.349
1138	-0.4423
1139	12.49
1140	2.173
1141	9.805
1142	5.457
1143	14.8
1144	16.01
1145	5.815
1146	-8.419
1147	-0.09832
1148	1.179
1149	-1.373
1150	6.442
1151	7.274
1152	3.92
1153	7.475
1154	9.67
1155	3.932
1156	14.4
1157	0.9821
1158	14.61
1159	-2.22
1160	-5.926
1161	17.41
1162	5.722
1163	5.715
1164	4.001
1165	23.27
1166	-10.15
1167	9.338
1168	6.285
1169	8.427
1170	6.515
1171	7.571
1172	7.818
1173	7.799
1174	7.968
1175	7.937
1176	8.665
1177	14.64
1178	0.9415
1179	7.739
1180	7.744
1181	1.755
1182	9.086
1183	7.592
1184	12.52
1185	18.12
1186	-1.758
1187	2.192
1188	12.68
1189	9.389
1190	10.56
1191	13.1
1192	21.93
1193	7.206
1194	2.407
1195	8.282
1196	-19.75
1197	7.61
1198	6.07
1199	10.69
1200	8.691
1201	5.572
1202	8.314
1203	14.24
1204	-0.5456
1205	5.505
1206	9.979
1207	4.673
1208	2.365
1209	-6.988
1210	16.3
1211	21.74
1212	14.07
1213	14.3
1214	6.362
1215	6.748
1216	-4.791
1217	14.9
1218	-2.05
1219	10.46
1220	3.599
1221	12.49
1222	6.954
1223	4.584
1224	11.17
1225	15.0
1226	1.569
1227	20.22
1228	11.51
1229	-0.2529
1230	18.01
1231	11.73
1232	8.052
1233	11.24
1234	9.646
1235	17.94
1236	-7.247
1237	14.02
1238	12.75
1239	17.71
1240	5.629
1241	5.183
1242	3.41
1243	-1.201
1244	16.33
1245	-0.7762
1246	3.411
1247	1.909
1248	5.647
1249	9.411
1250	11.42
1251	12.13
1252	11.86
1253	10.31
1254	10.32
1255	10.57
1256	14.18
1257	11.95
1258	-7.931
1259	13.24
1260	6.078
1261	21.82
1262	0.8027
1263	6.51
1264	11.38
1265	10.52
1266	-0.0176
1267	5.082
1268	11.69
1269	17.19
1270	3.825
1271	12.55
1272	11.94
1273	11.21
1274	6.817
1275	9.736
1276	9.865
1277	8.586
1278	5.449
1279	8.801
1280	3.007
1281	5.877
1282	1.816
1283	-1.746
1284	2.926
1285	-4.095
1286	6.862
1287	15.79
1288	12.87
1289	-12.63
1290	18.55
1291	9.968
1292	10.48
1293	11.26
1294	8.857
1295	5.181
1296	11.12
1297	8.499
1298	8.88
1299	19.98
1300	3.976
1301	3.545
1302	7.107
1303	8.61
1304	7.762
1305	9.231
1306	12.99
1307	12.75
1308	3.954
1309	3.855
1310	20.33
1311	4.749
1312	11.74
1313	20.12
1314	-1.23
1315	16.21
1316	5.469
1317	6.254
1318	7.939
1319	9.186
1320	7.876
1321	8.72
1322	9.467
1323	15.86
1324	18.36
1325	7.72
1326	12.41
1327	10.55
1328	7.97
1329	7.64
1330	-4.629
1331	12.98
1332	19.05
1333	12.55
1334	3.598
1335	-5.406
1336	8.498
1337	-8.137
1338	16.89
1339	1.926
1340	7.322
1341	-2.19
1342	2.934
1343	17.73
1344	1.519
1345	11.83
1346	10.67
1347	15.07
1348	14.3
1349	-2.599
1350	-1.342
1351	11.69
1352	7.032
1353	-1.642
1354	-2.319
1355	0.2218
1356	6.188
1357	5.997
1358	8.144
1359	3.746
1360	9.001
1361	10.09
1362	10.93
1363	10.94
1364	10.1
1365	9.436
1366	11.46
1367	12.84
1368	8.799
1369	15.02
1370	12.5
1371	6.176
1372	12.89
1373	9.385
1374	9.267
1375	10.86
1376	11.84
1377	13.52
1378	16.42
1379	10.87
1380	11.66
1381	10.35
1382	11.97
1383	11.43
1384	3.235
1385	21.08
1386	5.58
1387	6.827
1388	-6.168
1389	2.329
1390	10.17
1391	-5.105
1392	5.077
1393	-8.337
1394	2.686
1395	3.565
1396	3.506
1397	9.491
1398	9.753
1399	0.81
1400	6.646
1401	5.077
1402	-7.61
1403	14.18
1404	12.23
1405	7.992
1406	10.05
1407	9.365
1408	9.278
1409	9.149
1410	9.38
1411	10.43
1412	11.37
1413	10.76
1414	16.29
1415	14.17
1416	20.06
1417	5.66
1418	9.912
1419	4.235
1420	9.005
1421	10.8
1422	9.269
1423	6.48
1424	17.8
1425	-3.934
1426	8.751
1427	5.85
1428	4.924
1429	-8.721
1430	4.208
1431	4.477
1432	5.198
1433	8.431
1434	2.704
1435	16.85
1436	16.45
1437	5.117
1438	8.103
1439	9.043
1440	10.98
1441	12.39
1442	9.485
1443	9.045
1444	21.71
1445	15.06
1446	18.78
1447	5.419
1448	6.727
1449	5.18
1450	0.5238
1451	7.058
1452	-2.206
1453	9.57
1454	4.213
1455	-0.1621
1456	4.675
1457	3.747
1458	8.179
1459	1.494
1460	3.755
1461	-7.062
1462	5.754
1463	8.094
1464	6.285
1465	10.36
1466	11.37
1467	-3.362
1468	21.37
1469	6.744
1470	7.667
1471	4.123
1472	6.291
1473	9.655
1474	12.42
1475	11.34
1476	11.73
1477	10.91
1478	11.16
1479	10.99
1480	10.9
1481	9.654
1482	1.185
1483	-3.362
1484	-1.433
1485	4.888
1486	30.88
1487	6.185
1488	1.296
1489	2.767
1490	7.801
1491	6.15
1492	11.1
1493	4.437
1494	15.51
1495	12.26
1496	12.78
1497	10.26
1498	-5.711
1499	0.5647
1500	4.745
1001	2.142
1002	2.811
1003	8.811
1004	15.43
1005	19.09
1006	21.36
1007	-2.189
1008	10.81
1009	5.399
1010	-8.724
1011	-8.585
1012	6.021
1013	8.361
1014	15.0
1015	7.673
1016	4.861
1017	2.001
1018	6.287
1019	4.914
1020	5.628
1021	10.19
1022	12.9
1023	3.15
1024	7.726
1025	15.7
1026	15.81
1027	2.883
1028	1.227
1029	4.492
1030	-7.274
1031	8.524
1032	21.46
1033	18.04
1034	0.2454
1035	6.782
1036	14.1
1037	-6.46
1038	-5.834
1039	6.797
1040	4.124
1041	0.4379
1042	0.2821
1043	-0.8696
1044	-0.6759
1045	-0.8141
1046	-1.535
1047	-1.272
1048	-0.6469
1049	1.903
1050	4.091
1051	5.67
1052	5.595
1053	12.32
1054	5.503
1055	2.987
1056	3.68
1057	5.924
1058	9.671
1059	10.59
1060	3.382
1061	13.06
1062	9.668
1063	4.877
1064	7.762
1065	6.052
1066	3.829
1067	10.82
1068	8.273
1069	-7.818
1070	7.279
1071	9.098
1072	-4.5
1073	-1.145
1074	16.9
1075	6.761
1076	17.43
1077	-0.1411
1078	7.984
1079	18.37
1080	15.77
1081	7.171
1082	9.281
1083	6.009
1084	1.97
1085	2.383
1086	-0.5095
1087	5.95
1088	6.243
1089	9.08
1090	-2.16
1091	1.094
1092	7.742
1093	6.374
1094	7.941
1095	3.545
1096	-1.214
1097	18.29
1098	16.85
1099	9.019
1100	4.159
1101	10.15
1102	4.877
1103	-0.1068
1104	12.79
1105	3.183
1106	7.89
1107	4.051
1108	-8.827
1109	-3.617
1110	9.334
1111	4.929
1112	8.781
1113	2.654
1114	-5.206
1115	6.536
1116	-12.44
1117	-8.779
1118	5.07
1119	-11.33
1120	-3.892
1121	-8.385
1122	-1.061
1123	7.438
1124	-3.695
1125	-2.491
1126	-0.226
1127	9.814
1128	-8.734
1129	15.58
1130	-0.3481
1131	6.401
1132	9.514
1133	-2.425
1134	14.88
1135	12.62
1136	5.835
1137	0.4166
1138	-0.1815
1139	2.561
1140	-3.236
1141	4.091
1142	7.252
1143	10.17
1144	-6.349
1145	1.984
1146	-3.578
1147	1.881
1148	12.24
1149	-2.84
1150	-3.389
1151	3.059
1152	5.593
1153	-7.657
1154	5.77
1155	4.042
1156	4.279
1157	4.347
1158	8.717
1159	10.11
1160	3.219
1161	-0.2063
1162	9.6
1163	7.061
1164	15.62
1165	10.96
1166	-3.058
1167	11.05
1168	2.582
1169	9.179
1170	6.763
1171	7.607
1172	7.915
1173	7.863
1174	7.998
1175	7.891
1176	6.016
1177	10.71
1178	-1.164
1179	9.135
1180	4.639
1181	-11.64
1182	5.748
1183	10.03
1184	11.68
1185	18.22
1186	7.136
1187	10.63
1188	12.07
1189	9.201
1190	9.678
1191	10.74
1192	5.673
1193	15.92
1194	8.675
1195	3.618
1196	-5.536
1197	11.12
1198	12.33
1199	10.99
1200	4.669
1201	3.027
1202	5.42
1203	11.96
1204	13.51
1205	2.917
1206	0.3343
1207	8.137
1208	2.277
1209	-0.6729
1210	6.164
1211	2.094
1212	-6.293
1213	1.335
1214	-4.506
1215	8.145
1216	14.1
1217	-0.2897
1218	9.962
1219	13.13
1220	9.206
1221	1.139
1222	9.542
1223	5.865
1224	5.83
1225	5.118
1226	3.618
1227	8.582
1228	6.093
1229	-1.147
1230	9.25
1231	8.11
1232	-1.489
1233	10.63
1234	8.87
1235	17.05
1236	10.74
1237	16.4
1238	12.25
1239	11.27
1240	2.685
1241	5.985
1242	5.382
1243	8.8
1244	0.234
1245	4.764
1246	-1.967
1247	6.381
1248	-0.2567
1249	5.212
1250	13.04
1251	11.08
1252	12.61
1253	9.835
1254	11.04
1255	10.94
1256	11.59
1257	11.23
1258	-0.8083
1259	8.319
1260	-0.787
1261	12.69
1262	0.07172
1263	4.61
1264	8.722
1265	19.0
1266	5.863
1267	6.559
1268	-1.616
1269	3.772
1270	-1.873
1271	13.89
1272	11.17
1273	15.58
1274	13.03
1275	10.33
1276	8.713
1277	5.293
1278	2.506
1279	3.263
1280	-12.85
1281	8.263
1282	8.79
1283	4.32
1284	9.083
1285	-15.56
1286	9.88
1287	-7.711
1288	-0.8252
1289	11.42
1290	9.296
1291	4.932
1292	11.99
1293	7.782
1294	6.174
1295	4.32
1296	8.791
1297	4.734
1298	-12.43
1299	14.58
1300	2.673
1301	10.68
1302	0.368
1303	9.285
1304	13.65
1305	19.89
1306	10.86
1307	13.49
1308	12.07
1309	10.27
1310	11.71
1311	1.558
1312	-13.65
1313	1.305
1314	-2.559
1315	3.075
1316	10.66
1317	7.629
1318	6.658
1319	9.626
1320	8.645
1321	8.258
1322	14.87
1323	15.85
1324	4.409
1325	-6.57
1326	11.7
1327	-0.969
1328	12.43
1329	-1.397
1330	3.812
1331	10.1
1332	8.315
1333	2.413
1334	9.358
1335	3.941
1336	13.87
1337	-4.123
1338	17.66
1339	-3.034
1340	-12.08
1341	17.46
1342	4.271
1343	5.136
1344	7.058
1345	3.455
1346	-1.836
1347	15.86
1348	4.291
1349	1.702
1350	3.771
1351	11.12
1352	-8.045
1353	-1.274
1354	19.98
1355	-2.595
1356	3.041
1357	5.458
1358	5.213
1359	6.827
1360	9.462
1361	10.47
1362	11.42
1363	11.49
1364	9.85
1365	9.358
1366	11.07
1367	13.04
1368	7.54
1369	13.39
1370	16.41
1371	7.868
1372	9.643
1373	9.693
1374	9.433
1375	13.13
1376	11.1
1377	11.88
1378	12.65
1379	11.77
1380	10.08
1381	13.03
1382	11.65
1383	8.562
1384	-2.242
1385	11.73
1386	8.781
1387	2.267
1388	7.906
1389	4.43
1390	4.34
1391	10.64
1392	5.041
1393	-13.03
1394	0.1746
1395	3.554
1396	13.92
1397	8.336
1398	9.91
1399	-0.5542
1400	1.57
1401	5.965
1402	-7.422
1403	12.24
1404	13.63
1405	10.83
1406	9.633
1407	9.243
1408	9.408
1409	9.175
1410	8.934
1411	10.35
1412	10.88
1413	10.43
1414	-5.706
1415	10.37
1416	8.179
1417	2.479
1418	5.524
1419	4.497
1420	8.757
1421	13.97
1422	13.4
1423	2.867
1424	8.377
1425	11.55
1426	8.908
1427	5.093
1428	6.534
1429	-4.83
1430	4.541
1431	5.449
1432	5.461
1433	-2.796
1434	-2.769
1435	15.4
1436	15.19
1437	-2.28
1438	1.105
1439	12.16
1440	11.6
1441	7.164
1442	-6.851
1443	3.038
1444	-0.4137
1445	1.048
1446	4.17
1447	1.97
1448	5.913
1449	1.108
1450	2.62
1451	0.4639
1452	6.739
1453	12.26
1454	5.926
1455	6.475
1456	3.444
1457	0.01001
1458	12.01
1459	3.863
1460	2.038
1461	9.117
1462	-6.596
1463	15.21
1464	4.671
1465	2.943
1466	0.657
1467	0.4854
1468	-1.592
1469	15.96
1470	3.998
1471	10.44
1472	4.438
1473	10.98
1474	12.38
1475	10.83
1476	11.31
1477	11.36
1478	11.03
1479	10.97
1480	8.692
1481	7.055
1482	-1.711
1483	0.6663
1484	1.685
1485	4.371
1486	-12.61
1487	-10.52
1488	14.67
1489	0.6222
1490	-1.583
1491	8.029
1492	-1.774
1493	3.296
1494	9.638
1495	-4.444
1496	17.0
1497	-3.283
1498	3.497
1499	0.2991
1500	5.492
1001	3.775
1002	-3.926
1003	9.691
1004	17.2
1005	19.53
1006	10.45
1007	-12.54
1008	9.953
1009	27.09
1010	0.2476
1011	7.411
1012	6.46
1013	10.49
1014	15.29
1015	-6.017
1016	7.542
1017	3.515
1018	5.005
1019	2.079
1020	7.069
1021	10.28
1022	12.14
1023	11.91
1024	7.056
1025	1.204
1026	16.83
1027	1.376
1028	0.08171
1029	9.37
1030	9.41
1031	6.697
1032	3.709
1033	13.08
1034	-4.798
1035	4.535
1036	6.618
1037	3.482
1038	5.44
1039	6.989
1040	4.098
1041	3.411
1042	0.759
1043	-0.8214
1044	-0.7042
1045	-0.9085
1046	-1.392
1047	-1.328
1048	-0.7974
1049	-0.4897
1050	12.28
1051	-4.263
1052	11.09
1053	12.18
1054	3.392
1055	2.994
1056	3.047
1057	5.621
1058	5.239
1059	11.24
1060	7.346
1061	5.634
1062	-17.67
1063	11.08
1064	6.412
1065	7.119
1066	10.92
1067	9.414
1068	4.978
1069	4.181
1070	6.302
1071	9.725
1072	9.085
1073	-3.126
1074	1.687
1075	-6.474
1076	4.266
1077	-7.856
1078	21.82
1079	12.23
1080	9.139
1081	1.672
1082	6.888
1083	3.796
1084	-0.2657
1085	5.369
1086	8.3
1087	4.997
1088	13.0
1089	8.17
1090	19.72
1091	3.722
1092	-0.5894
1093	20.57
1094	-1.426
1095	8.952
1096	3.942
1097	23.52
1098	13.34
1099	2.342
1100	2.926
1101	13.73
1102	0.4163
1103	7.036
1104	9.274
1105	3.583
1106	9.059
1107	4.772
1108	-10.52
1109	-1.897
1110	8.987
1111	8.892
1112	8.952
1113	0.4086
1114	-5.006
1115	9.036
1116	-5.115
1117	-4.105
1118	14.35
1119	-16.28
1120	3.543
1121	10.17
1122	0.5558
1123	2.169
1124	6.035
1125	1.013
1126	-3.907
1127	1.995
1128	3.554
1129	-4.905
1130	1.425
1131	11.56
1132	16.13
1133	3.726
1134	-6.027
1135	5.372
1136	9.976
1137	-1.816
1138	-0.3815
1139	9.422
1140	8.126
1141	10.59
1142	3.754
1143	5.934
1144	6.64
1145	14.01
1146	13.9
1147	5.239
1148	7.028
1149	-9.215
1150	-0.3997
1151	0.4727
1152	1.957
1153	-5.636
1154	3.829
1155	-1.628
1156	11.27
1157	6.012
1158	-3.68
1159	-3.061
1160	-14.38
1161	2.042
1162	26.84
1163	8.915
1164	13.04
1165	10.96
1166	1.406
1167	10.93
1168	8.774
1169	8.487
1170	7.114
1171	7.574
1172	7.743
1173	7.799
1174	7.983
1175	7.941
1176	7.435
1177	8.429
1178	-3.558
1179	7.186
1180	11.03
1181	6.224
1182	11.44
1183	9.244
1184	10.67
1185	19.34
1186	7.35
1187	-0.528
1188	9.51
1189	9.044
1190	11.05
1191	12.46
1192	2.3
1193	19.04
1194	11.63
1195	-8.04
1196	0.4345
1197	5.017
1198	2.255
1199	9.811
1200	4.787
1201	9.064
1202	7.816
1203	5.42
1204	8.032
1205	-3.468
1206	-2.292
1207	1.703
1208	-3.122
1209	-6.9
1210	3.355
1211	-5.641
1212	1.984
1213	1.663
1214	1.19
1215	10.73
1216	2.788
1217	13.14
1218	12.2
1219	11.24
1220	3.883
1221	-2.021
1222	1.58
1223	-1.678
1224	12.87
1225	-3.622
1226	6.719
1227	20.97
1228	18.04
1229	-5.996
1230	9.731
1231	-8.411
1232	1.994
1233	16.26
1234	10.71
1235	11.6
1236	8.672
1237	12.29
1238	14.8
1239	5.861
1240	16.26
1241	6.621
1242	7.015
1243	15.84
1244	-1.443
1245	1.669
1246	1.358
1247	7.873
1248	24.52
1249	14.47
1250	12.8
1251	11.76
1252	9.939
1253	9.534
1254	9.257
1255	9.061
1256	11.09
1257	13.72
1258	13.21
1259	10.3
1260	3.98
1261	15.58
1262	-1.659
1263	8.357
1264	-12.03
1265	0.04661
1266	-4.637
1267	9.436
1268	3.131
1269	13.87
1270	-0.01526
1271	11.66
1272	11.73
1273	10.86
1274	14.14
1275	9.153
1276	7.867
1277	3.833
1278	7.897
1279	-4.823
1280	-2.022
1281	7.851
1282	9.699
1283	14.6
1284	0.1562
1285	3.479
1286	9.449
1287	10.44
1288	5.205
1289	-1.493
1290	7.744
1291	3.271
1292	-0.476
1293	6.907
1294	4.204
1295	-5.012
1296	12.37
1297	-4.702
1298	19.45
1299	13.11
1300	3.75
1301	6.124
1302	8.738
1303	1.111
1304	5.624
1305	11.52
1306	13.42
1307	8.567
1308	7.788
1309	24.15
1310	2.1
1311	8.517
1312	18.28
1313	12.63
1314	10.48
1315	4.414
1316	6.166
1317	6.49
1318	6.162
1319	10.03
1320	7.703
1321	10.23
1322	8.276
1323	4.988
1324	2.433
1325	-1.772
1326	14.39
1327	10.6
1328	9.457
1329	5.427
1330	3.693
1331	14.55
1332	9.536
1333	1.38
1334	5.467
1335	3.034
1336	10.07
1337	-13.86
1338	16.38
1339	6.999
1340	5.689
1341	-9.187
1342	4.301
1343	9.074
1344	17.04
1345	7.899
1346	6.069
1347	12.8
1348	5.615
1349	8.311
1350	4.721
1351	12.31
1352	13.2
1353	1.582
1354	1.397
1355	-4.106
1356	7.102
1357	6.011
1358	3.744
1359	4.002
1360	8.721
1361	10.29
1362	11.36
1363	10.33
1364	10.3
1365	9.012
1366	10.26
1367	10.09
1368	7.649
1369	4.224
1370	13.18
1371	4.924
1372	13.46
1373	8.535
1374	9.495
1375	11.26
1376	13.87
1377	13.07
1378	12.92
1379	6.841
1380	13.04
1381	13.68
1382	12.68
1383	12.84
1384	5.15
1385	15.37
1386	2.933
1387	12.12
1388	-2.385
1389	-2.27
1390	7.343
1391	6.679
1392	-0.009799
1393	-10.91
1394	14.37
1395	3.831
1396	3.136
1397	8.98
1398	9.206
1399	-1.088
1400	8.212
1401	-3.777
1402	-4.352
1403	12.62
1404	7.103
1405	11.07
1406	10.34
1407	9.359
1408	9.393
1409	8.726
1410	8.765
1411	10.4
1412	10.29
1413	11.7
1414	7.168
1415	7.148
1416	-0.5104
1417	7.852
1418	14.77
1419	8.661
1420	-3.34
1421	8.251
1422	6.534
1423	4.269
1424	-3.974
1425	7.722
1426	10.57
1427	7.927
1428	8.41
1429	11.03
1430	2.736
1431	5.87
1432	13.26
1433	1.615
1434	-2.657
1435	18.31
1436	-3.471
1437	3.296
1438	5.532
1439	9.721
1440	10.68
1441	4.913
1442	2.355
1443	8.934
1444	9.201
1445	9.077
1446	15.64
1447	-8.821
1448	6.744
1449	1.489
1450	1.139
1451	7.931
1452	4.804
1453	6.956
1454	7.357
1455	13.32
1456	8.062
1457	0.08399
1458	14.37
1459	3.827
1460	0.7918
1461	-14.71
1462	1.825
1463	9.932
1464	12.69
1465	8.475
1466	6.085
1467	3.378
1468	-1.986
1469	5.136
1470	-1.788
1471	4.799
1472	8.855
1473	9.387
1474	10.46
1475	11.52
1476	11.84
1477	11.31
1478	10.55
1479	11.33
1480	12.64
1481	-4.446
1482	2.949
1483	-8.445
1484	-5.095
1485	-3.91
1486	2.919
1487	-11.75
1488	0.3486
1489	-4.426
1490	4.511
1491	-2.162
1492	1.014
1493	2.022
1494	9.997
1495	-10.45
1496	6.368
1497	0.1663
1498	2.534
1499	-0.6618
1500	1.834
1001	4.16
1002	3.44
1003	9.93
1004	13.07
1005	18.74
1006	17.77
1007	6.722
1008	24.65
1009	26.61
1010	22.14
1011	21.15
1012	11.94
1013	13.95
1014	12.74
1015	0.1002
1016	7.306
1017	10.68
1018	18.94
1019	10.53
1020	9.601
1021	13.09
1022	12.78
1023	11.4
1024	8.488
1025	12.43
1026	16.98
1027	6.282
1028	1.94
1029	7.999
1030	7.122
1031	10.08
1032	2.145
1033	17.39
1034	8.678
1035	7.083
1036	8.702
1037	28.85
1038	2.974
1039	20.09
1040	7.633
1041	1.625
1042	1.686
1043	-0.8166
1044	-0.5977
1045	-1.329
1046	-1.083
1047	-0.6744
1048	0.06197
1049	1.559
1050	4.761
1051	12.91
1052	4.947
1053	7.354
1054	3.868
1055	2.969
1056	3.639
1057	6.287
1058	3.023
1059	20.45
1060	1.363
1061	21.82
1062	7.554
1063	15.42
1064	7.353
1065	11.09
1066	11.68
1067	16.42
1068	4.134
1069	0.6137
1070	8.031
1071	8.974
1072	9.369
1073	18.16
1074	17.98
1075	11.17
1076	3.921
1077	20.58
1078	13.21
1079	9.875
1080	15.46
1081	27.39
1082	7.354
1083	5.814
1084	11.19
1085	5.414
1086	14.95
1087	9.528
1088	1.231
1089	16.73
1090	5.302
1091	21.44
1092	5.214
1093	5.581
1094	6.616
1095	8.422
1096	13.07
1097	29.69
1098	11.56
1099	6.354
1100	12.69
1101	13.09
1102	18.33
1103	8.107
1104	11.37
1105	8.113
1106	24.3
1107	7.663
1108	21.35
1109	6.108
1110	12.71
1111	8.96
1112	12.39
1113	-0.5241
1114	13.86
1115	5.749
1116	5.634
1117	0.114
1118	12.8
1119	14.2
1120	18.16
1121	19.08
1122	21.11
1123	9.486
1124	23.43
1125	21.27
1126	10.95
1127	7.47
1128	15.92
1129	14.91
1130	19.33
1131	14.13
1132	19.49
1133	-1.667
1134	11.42
1135	9.927
1136	8.778
1137	5.232
1138	4.391
1139	17.05
1140	-0.8319
1141	5.174
1142	7.896
1143	11.07
1144	21.68
1145	22.3
1146	14.79
1147	22.52
1148	10.52
1149	0.3111
1150	10.77
1151	12.29
1152	9.822
1153	13.92
1154	9.75
1155	4.667
1156	13.72
1157	9.841
1158	27.56
1159	18.91
1160	8.588
1161	13.79
1162	27.89
1163	9.784
1164	14.15
1165	11.95
1166	3.832
1167	7.492
1168	7.479
1169	9.172
1170	6.854
1171	7.538
1172	7.91
1173	7.885
1174	7.922
1175	7.984
1176	8.544
1177	12.37
1178	-0.4094
1179	9.664
1180	8.892
1181	-3.178
1182	17.84
1183	9.413
1184	14.33
1185	16.26
1186	4.501
1187	25.25
1188	11.15
1189	8.852
1190	9.939
1191	17.3
1192	8.138
1193	14.51
1194	10.35
1195	15.5
1196	-0.3584
1197	14.74
1198	13.02
1199	8.845
1200	6.092
1201	8.998
1202	8.304
1203	8.842
1204	7.997
1205	8.374
1206	13.09
1207	5.619
1208	10.08
1209	19.38
1210	5.559
1211	12.77
1212	20.61
1213	11.69
1214	28.83
1215	13.6
1216	20.76
1217	17.46
1218	7.095
1219	28.65
1220	17.65
1221	27.89
1222	11.67
1223	11.66
1224	8.452
1225	8.424
1226	4.906
1227	15.04
1228	15.54
1229	0.4652
1230	20.83
1231	12.11
1232	16.02
1233	20.93
1234	17.24
1235	12.38
1236	23.94
1237	11.91
1238	16.27
1239	2.284
1240	1.668
1241	7.064
1242	11.5
1243	9.425
1244	-0.3233
1245	-2.644
1246	11.01
1247	11.06
1248	10.2
1249	14.91
1250	12.95
1251	10.65
1252	11.0
1253	9.61
1254	12.0
1255	10.57
1256	10.45
1257	9.774
1258	19.49
1259	14.71
1260	6.625
1261	24.56
1262	3.756
1263	10.3
1264	16.61
1265	19.66
1266	5.205
1267	3.719
1268	13.98
1269	11.53
1270	13.46
1271	12.47
1272	12.04
1273	12.11
1274	15.8
1275	12.73
1276	10.86
1277	6.489
1278	15.47
1279	6.738
1280	8.787
1281	8.334
1282	6.664
1283	14.03
1284	16.3
1285	7.245
1286	18.71
1287	8.362
1288	4.243
1289	23.31
1290	23.3
1291	17.73
1292	14.82
1293	9.356
1294	14.99
1295	4.472
1296	6.946
1297	22.21
1298	9.503
1299	9.655
1300	5.16
1301	6.132
1302	13.47
1303	17.55
1304	7.133
1305	19.61
1306	12.01
1307	14.19
1308	13.58
1309	19.6
1310	8.629
1311	11.47
1312	27.51
1313	20.59
1314	15.23
1315	13.44
1316	7.586
1317	7.02
1318	8.859
1319	9.614
1320	6.469
1321	8.933
1322	5.691
1323	15.77
1324	20.74
1325	9.566
1326	6.032
1327	20.61
1328	7.088
1329	6.221
1330	16.73
1331	16.4
1332	15.06
1333	19.29
1334	7.647
1335	23.97
1336	9.592
1337	20.3
1338	14.67
1339	10.26
1340	27.22
1341	-9.1
1342	15.31
1343	8.898
1344	13.77
1345	13.25
1346	20.15
1347	17.13
1348	17.4
1349	11.86
1350	8.074
1351	17.56
1352	1.799
1353	-4.739
1354	12.23
1355	6.312
1356	17.62
1357	3.85
1358	9.809
1359	5.032
1360	9.606
1361	9.679
1362	11.14
1363	11.96
1364	10.49
1365	9.744
1366	12.16
1367	12.87
1368	8.519
1369	13.6
1370	11.01
1371	7.895
1372	9.345
1373	8.877
1374	9.409
1375	12.64
1376	15.71
1377	13.47
1378	16.48
1379	11.24
1380	11.02
1381	11.92
1382	14.43
1383	11.86
1384	5.316
1385	12.31
1386	16.22
1387	10.28
1388	8.704
1389	17.95
1390	10.31
1391	18.85
1392	13.68
1393	11.86
1394	9.852
1395	2.336
1396	2.867
1397	8.639
1398	8.725
1399	-4.057
1400	16.1
1401	11.07
1402	14.67
1403	9.007
1404	13.14
1405	9.917
1406	9.671
1407	9.391
1408	9.286
1409	9.089
1410	10.07
1411	10.47
1412	10.09
1413	10.89
1414	13.34
1415	10.17
1416	11.86
1417	8.623
1418	1.256
1419	8.67
1420	5.622
1421	4.721
1422	5.916
1423	19.99
1424	16.64
1425	8.432
1426	8.818
1427	3.492
1428	-3.203
1429	14.88
1430	7.292
1431	4.722
1432	6.39
1433	7.621
1434	-8.267
1435	24.15
1436	12.98
1437	22.18
1438	3.39
1439	10.7
1440	11.87
1441	10.49
1442	1.777
1443	27.35
1444	9.883
1445	21.24
1446	16.17
1447	0.5874
1448	8.525
1449	2.898
1450	6.888
1451	12.68
1452	9.733
1453	23.63
1454	12.24
1455	10.9
1456	12.29
1457	23.26
1458	15.84
1459	8.664
1460	1.117
1461	18.75
1462	13.78
1463	10.69
1464	11.33
1465	11.01
1466	16.28
1467	8.83
1468	19.65
1469	9.409
1470	11.36
1471	4.937
1472	9.581
1473	10.78
1474	10.85
1475	11.37
1476	11.55
1477	10.83
1478	11.17
1479	10.41
1480	12.2
1481	18.96
1482	-2.227
1483	18.54
1484	-0.6497
1485	12.24
1486	13.8
1487	2.967
1488	-1.752
1489	11.85
1490	13.02
1491	16.04
1492	5.32
1493	7.972
1494	14.43
1495	10.77
1496	14.18
1497	15.73
1498	8.532
1499	0.507
1500	6.54
1001	3.17
1002	9.908
1003	9.529
1004	9.818
1005	17.17
1006	15.72
1007	14.26
1008	4.35
1009	11.73
1010	15.07
1011	6.19
1012	-1.837
1013	11.12
1014	14.43
1015	16.69
1016	6.793
1017	6.585
1018	11.86
1019	7.986
1020	8.912
1021	12.5
1022	11.77
1023	1.612
1024	6.487
1025	3.993
1026	19.74
1027	-4.192
1028	-0.4457
1029	7.497
1030	7.034
1031	6.203
1032	13.03
1033	9.035
1034	38.94
1035	12.06
1036	9.64
1037	13.01
1038	2.997
1039	13.93
1040	2.24
1041	1.397
1042	0.1226
1043	-0.7251
1044	-0.9608
1045	-1.595
1046	-1.066
1047	-1.205
1048	-0.6049
1049	-9.481
1050	-2.076
1051	25.88
1052	1.896
1053	14.01
1054	8.942
1055	3.272
1056	3.728
1057	4.202
1058	-9.06
1059	5.114
1060	2.736
1061	20.47
1062	39.01
1063	6.987
1064	7.226
1065	5.303
1066	6.193
1067	6.31
1068	7.185
1069	2.336
1070	2.991
1071	11.38
1072	15.2
1073	10.93
1074	7.898
1075	3.989
1076	11.52
1077	-1.026
1078	19.18
1079	15.67
1080	21.62
1081	28.16
1082	4.15
1083	10.39
1084	5.01
1085	0.3263
1086	10.17
1087	10.07
1088	10.6
1089	11.89
1090	8.768
1091	12.45
1092	4.142
1093	15.23
1094	2.783
1095	9.147
1096	0.168
1097	25.47
1098	14.92
1099	28.85
1100	8.393
1101	12.11
1102	-0.6626
1103	1.232
1104	13.82
1105	7.235
1106	17.74
1107	11.17
1108	16.81
1109	7.07
1110	8.86
1111	6.871
1112	13.68
1113	3.923
1114	3.378
1115	6.904
1116	-4.984
1117	8.485
1118	4.683
1119	23.7
1120	-17.59
1121	0.03511
1122	4.491
1123	10.85
1124	-15.06
1125	6.826
1126	0.2649
1127	-2.438
1128	-7.074
1129	8.697
1130	10.64
1131	5.568
1132	-11.37
1133	17.19
1134	10.64
1135	12.62
1136	8.346
1137	-8.082
1138	15.12
1139	0.8623
1140	-2.752
1141	7.597
1142	12.58
1143	-2.717
1144	6.435
1145	8.629
1146	-6.622
1147	-2.278
1148	10.64
1149	6.73
1150	10.34
1151	-1.781
1152	9.242
1153	8.783
1154	-0.9277
1155	-1.285
1156	9.951
1157	-4.116
1158	9.617
1159	7.472
1160	-14.27
1161	11.75
1162	12.47
1163	-0.4543
1164	7.696
1165	12.68
1166	1.807
1167	7.493
1168	5.41
1169	7.193
1170	8.08
1171	7.579
1172	7.954
1173	7.895
1174	7.934
1175	7.96
1176	6.822
1177	2.374
1178	-5.803
1179	9.863
1180	15.07
1181	-6.025
1182	-0.2516
1183	5.251
1184	16.28
1185	15.18
1186	7.325
1187	0.1568
1188	10.58
1189	9.083
1190	9.967
1191	11.23
1192	10.11
1193	11.3
1194	-19.31
1195	15.26
1196	-0.7401
1197	10.5
1198	11.51
1199	9.038
1200	7.407
1201	10.59
1202	9.827
1203	15.36
1204	13.45
1205	16.53
1206	34.48
1207	17.12
1208	-1.73
1209	8.199
1210	26.08
1211	10.44
1212	24.89
1213	5.782
1214	-9.71
1215	2.497
1216	13.85
1217	5.521
1218	6.362
1219	13.46
1220	-8.156
1221	-5.849
1222	6.703
1223	8.451
1224	16.48
1225	-2.299
1226	16.64
1227	15.59
1228	22.23
1229	3.905
1230	11.74
1231	10.57
1232	8.772
1233	28.12
1234	8.402
1235	4.849
1236	8.757
1237	16.97
1238	15.09
1239	33.54
1240	20.96
1241	6.531
1242	5.13
1243	9.141
1244	1.802
1245	0.4124
1246	-10.59
1247	9.853
1248	18.92
1249	9.229
1250	12.48
1251	11.24
1252	10.44
1253	10.3
1254	10.6
1255	9.028
1256	12.76
1257	12.25
1258	-3.844
1259	5.065
1260	9.798
1261	14.04
1262	-1.22
1263	7.819
1264	6.385
1265	6.522
1266	8.595
1267	12.82
1268	17.47
1269	12.63
1270	2.718
1271	13.26
1272	12.16
1273	16.48
1274	14.08
1275	8.962
1276	8.166
1277	9.351
1278	5.7
1279	4.296
1280	11.86
1281	11.37
1282	7.739
1283	5.555
1284	10.63
1285	14.34
1286	15.15
1287	25.78
1288	6.696
1289	0.7812
1290	19.32
1291	16.66
1292	31.21
1293	6.095
1294	10.99
1295	0.8929
1296	16.2
1297	0.4065
1298	1.07
1299	-7.895
1300	2.713
1301	11.15
1302	11.61
1303	1.711
1304	13.97
1305	9.88
1306	16.79
1307	14.06
1308	10.81
1309	15.48
1310	23.91
1311	-1.178
1312	7.404
1313	7.428
1314	5.778
1315	7.604
1316	2.957
1317	7.112
1318	8.389
1319	8.918
1320	9.278
1321	13.29
1322	8.021
1323	9.947
1324	17.38
1325	4.111
1326	14.21
1327	2.395
1328	12.56
1329	12.54
1330	18.03
1331	12.63
1332	18.44
1333	17.19
1334	10.13
1335	16.7
1336	4.562
1337	-6.239
1338	16.55
1339	17.31
1340	-7.752
1341	2.678
1342	6.977
1343	10.48
1344	14.33
1345	13.36
1346	9.874
1347	15.21
1348	7.933
1349	-4.655
1350	13.56
1351	16.34
1352	0.5309
1353	12.91
1354	15.96
1355	9.258
1356	7.068
1357	9.13
1358	10.04
1359	6.466
1360	9.403
1361	9.595
1362	11.53
1363	10.67
1364	10.86
1365	9.214
1366	11.54
1367	12.74
1368	8.11
1369	10.94
1370	11.9
1371	5.791
1372	7.709
1373	6.906
1374	9.338
1375	13.41
1376	11.87
1377	11.53
1378	9.058
1379	9.958
1380	10.97
1381	11.54
1382	11.72
1383	11.44
1384	9.361
1385	9.71
1386	9.152
1387	13.72
1388	10.32
1389	-4.429
1390	10.82
1391	20.28
1392	3.428
1393	1.934
1394	0.2228
1395	2.853
1396	15.29
1397	8.76
1398	9.506
1399	-3.748
1400	-3.303
1401	18.89
1402	4.006
1403	9.61
1404	11.69
1405	10.72
1406	9.544
1407	9.415
1408	9.064
1409	9.104
1410	8.901
1411	10.23
1412	10.33
1413	9.076
1414	9.567
1415	-1.249
1416	24.24
1417	6.106
1418	-9.217
1419	11.83
1420	4.366
1421	-2.5
1422	-0.514
1423	18.17
1424	15.34
1425	17.13
1426	11.72
1427	3.159
1428	5.732
1429	2.883
1430	3.324
1431	5.178
1432	9.675
1433	0.5434
1434	-1.43
1435	23.37
1436	23.41
1437	5.467
1438	4.557
1439	8.416
1440	10.26
1441	26.69
1442	5.954
1443	15.72
1444	15.57
1445	25.3
1446	21.91
1447	36.29
1448	8.883
1449	7.343
1450	-2.606
1451	21.03
1452	2.937
1453	33.35
1454	8.945
1455	12.0
1456	13.1
1457	19.05
1458	9.034
1459	7.455
1460	-2.602
1461	11.75
1462	22.02
1463	15.59
1464	3.372
1465	6.729
1466	19.84
1467	10.21
1468	5.192
1469	10.39
1470	6.916
1471	3.146
1472	7.423
1473	8.144
1474	12.24
1475	11.13
1476	12.12
1477	10.86
1478	10.99
1479	11.15
1480	11.56
1481	3.059
1482	3.289
1483	-0.3834
1484	3.122
1485	0.7936
1486	-4.571
1487	-4.293
1488	9.947
1489	15.21
1490	-5.325
1491	6.5
1492	-5.044
1493	5.558
1494	11.12
1495	-9.364
1496	4.636
1497	25.73
1498	21.46
1499	0.8197
1500	9.002
